10 2
1
1
0.0 528.7740538263956 822.7375037033379 647.5839713890392 928.4465520427118 387.98582448331797 818.996947491259 765.6350305465392 937.0533602735759 149.7230777134908 
528.7740538263956 0.0 936.6285282864279 686.1668893206667 569.3373340999166 866.6862177281926 860.4010692694425 839.00238378684 825.5452743490208 643.0777557962956 
822.7375037033379 936.6285282864279 0.0 251.78165143631892 761.8004988184242 690.6011873722779 126.17844506887855 104.34557968596465 375.32918884627134 735.5025492817819 
647.5839713890392 686.1668893206667 251.78165143631892 0.0 565.5174621530267 636.9929355966202 184.74035834110532 153.00326793895613 315.59784536653603 597.9113646687107 
928.4465520427118 569.3373340999166 761.8004988184242 565.5174621530267 0.0 1110.5178971993203 639.0719834259675 663.2797298274688 445.7847013974347 968.5824693850286 
387.98582448331797 866.6862177281926 690.6011873722779 636.9929355966202 1110.5178971993203 0.0 746.9089636629085 683.4398290998265 951.1855760050191 239.92082027202224 
818.996947491259 860.4010692694425 126.17844506887855 184.74035834110532 639.0719834259675 746.9089636629085 0.0 63.60031446463138 253.07113624433742 752.4526563179905 
765.6350305465392 839.00238378684 104.34557968596465 153.00326793895613 663.2797298274688 683.4398290998265 63.60031446463138 0.0 305.6795707926848 693.861657681126 
937.0533602735759 825.5452743490208 375.32918884627134 315.59784536653603 445.7847013974347 951.1855760050191 253.07113624433742 305.6795707926848 0.0 905.9646792232024 
149.7230777134908 643.0777557962956 735.5025492817819 597.9113646687107 968.5824693850286 239.92082027202224 752.4526563179905 693.861657681126 905.9646792232024 0.0 
