2 10 10 2
319.904723
747.360533
584.777807
-644.188860
423.590165
413.274563
-464.391399
329.601321
-512.745326
472.303143
-785.054125
-100.067050
-922.635388
-731.171471
-902.415365
-928.079830
613.700088
-353.807525
301.848242
-689.676815
747.763537
-174.802708
-78.108911
624.296763
-727.719098
548.675901
-393.101603
496.994319
541.497948
-61.753458
503.809647
-610.190943
-730.792681
-624.083115
423.152097
-209.471981
-158.515575
-216.798627
-246.001567
-55.329212
781.462939
-175.746436
-659.737231
-521.622536
30.665384
-129.519977
-399.106822
-206.649748
-817.136446
-604.926047
989.813540
791.048953
-490.513963
432.305582
647.589630
-131.060179
-809.840441
743.102377
719.051324
53.130103
347.876912
148.032314
-536.152704
7.929507
679.110305
-41.336459
-130.110472
288.530305
-739.982049
-932.936063
-833.114900
-684.381952
-416.344672
795.302148
-42.964150
-323.508395
294.151705
983.073047
-608.793072
-921.694149
199.153336
-698.159349
274.688888
-693.004542
-640.241674
-587.613878
-469.696315
-727.498279
-313.604527
687.980993
966.914923
-917.358566
-179.248277
487.447754
-620.201175
189.749185
-160.286376
210.269998
-334.068033
-462.885254
-369.985096
574.568244
383.990160
300.342967
-782.251397
148.181703
-115.159691
677.219864
-595.922141
251.040777
-390.461530
67.506634
232.259864
-157.286415
63.096826
341.545585
-522.967166
832.469596
-877.013017
506.793964
327.814388
-401.273411
-726.632176
486.313213
294.943740
199.825589
-347.031755
-546.626994
-969.140727
316.404319
40.892648
884.691565
198.699703
-565.732087
458.938198
-67.867205
928.195064
-425.033691
-268.351131
-278.707663
-309.891242
-981.388408
249.071729
-836.907628
143.140659
-801.074053
-771.835388
834.062377
397.312557
-835.693055
-577.954000
459.397998
626.007662
-876.754664
-964.033581
124.941151
12.672587
-337.801517
741.198336
-554.942887
122.958158
468.762643
-111.849555
-933.027202
-191.368576
634.970059
255.843235
953.915960
-866.568830
243.951586
-399.513175
606.084306
-289.374287
766.639051
73.492585
-723.449244
226.816216
355.662325
801.514257
489.195988
579.059451
565.725019
-253.866826
-918.661192
-291.775274
107.249144
629.241660
-434.096322
577.881757
706.794396
-210.474948
819.792377
-230.691673
727.972888
-891.501610
-591.284857
661.137868
40.960228
-989.708938
277.005726
117.609819
-731.383298
-241.278726
311.929021
-911.057799
529.453482
-700.731233
-374.694754
-140.448758
667.014566
-689.926415
-453.939526
933.661017
-836.846102
904.462139
-503.663764
855.140177
-729.973663
760.681574
515.185071
-482.331451
-221.887087
28.734820
478.734153
389.112586
-695.426685
-115.382283
867.862251
48.584058
629.469072
-962.213059
43.927490
-840.341187
-813.320068
-5.989729
677.175881
943.862987
842.253732
130.078838
590.747010
-235.546522
-520.101680
-416.817401
153.389698
781.841043
-259.879069
527.050124
888.650397
-104.198520
-979.605584
-771.867541
882.625488
-179.915665
-976.514842
-683.438082
-32.357510
-161.862744
-323.435541
-999.125465
-481.155655
865.007930
338.030606
225.800259
567.089931
739.928024
-443.218595
196.766328
362.783474
583.871134
-69.800049
-762.748179
540.277612
-891.510255
-727.019322
480.629555
852.580370
334.230771
-87.261634
986.199198
-647.210842
-133.569160
-712.315528
-192.724222
890.465051
306.732978
353.957034
-871.112496
72.074526
740.665673
-975.910961
-870.448002
-335.505940
334.327877
506.327116
-276.097028
408.170947
-531.627923
-407.006520
-380.651028
390.713491
259.964935
363.851180
78.306783
0.010591
-571.877491
-838.844060
-818.097052
850.450959
493.443445
727.725592
266.031008
232.354683
707.709748
91.565462
904.981062
944.945789
707.793663
200.846346
81.827462
44.456412
-855.959926
2.068809
879.534996
-679.237385
1001.650386
695.785613
375.147197
464.570464
554.679417
108.945875
259.294560
-118.806201
570.252037
240.774993
-231.357623
-452.490176
-590.014040
-289.260214
266.706937
294.526437
671.536083
954.179424
-326.020665
-576.063005
579.066156
-852.588621
787.866537
-53.745374
313.957524
-941.675071
-315.504839
-237.532957
-393.153577
701.347729
313.582662
-237.092587
-457.061869
521.608408
-453.702567
-816.172721
-269.027633
162.443595
643.657920
-509.607099
591.816868
-336.664848
687.370611
12.726251
-433.792344
559.233802
-727.230761
-676.320113
76.283915
-103.698239
-965.167290
-511.171997
423.741204
138.258951
-878.207469
-931.540967
285.032502
838.128128
-458.803158
112.074618
339.070585
-571.056399
-134.127032
339.775426
-354.346189
695.673863
-100.189714
-281.752392
-111.349759
945.708242
-360.706208
824.214861
63.749122
-82.255589
763.212663
-324.398231
786.349361
712.382237
850.631739
-2.454751
671.832606
420.690130
-783.894548
-238.489091
-105.329779
924.760179
-116.453701
-259.060090
-63.815347
-784.992400
742.047749
967.905102
-871.888427
906.312251
786.770395
993.885928
899.465496
-579.790738
-655.137157
-894.500915
-976.907495
981.391512
-677.443716
-299.536359
-772.259465
685.526710
-23.431959
593.308449
977.351234
-876.104228
209.847759
-502.209154
228.380107
-320.749892
379.604383
444.971412
267.856968
-82.980342
813.435580
-570.473228
-888.455748
-374.628031
-693.146086
757.140546
-550.122613
-705.615972
497.650938
-773.000942
946.497499
-475.069148
189.262450
-45.736862
95.690559
750.109815
-421.428080
200.911842
-278.065872
-524.463998
-171.461404
-853.138009
698.497435
722.073509
-543.382652
254.406327
-142.115517
461.525392
-827.770345
-513.972319
255.150317
38.534231
389.175477
328.320573
-551.673829
892.577878
-634.308856
-896.253478
79.245931
-989.643531
596.104504
423.068431
108.593860
-407.184860
858.908126
918.726713
729.781769
-175.026344
-873.336578
-579.276855
487.278965
116.494085
-20.774393
319.568292
752.019882
-560.888668
666.831994
-385.250371
732.937147
805.345645
-364.336221
688.637748
252.773872
86.051994
476.449278
455.809654
-251.355226
14.284364
-886.215728
-952.444792
452.267906
-937.561809
-485.444240
-656.609707
-524.754850
258.613111
-674.888198
-374.567048
340.204259
-150.122707
-762.335701
-262.975041
73.568191
-967.097888
-896.583183
305.962904
897.531374
-866.875722
419.799707
-226.885278
579.292664
776.251850
734.716228
-201.905412
-121.344719
881.467745
-835.335693
827.903063
-889.459929
451.025217
407.711343
336.706696
-687.722184
992.536847
-445.059139
975.458133
-406.451325
932.295390
-129.377545
-230.424361
30.269172
2.237768
-333.920770
781.160316
-173.197441
124.328079
-434.301540
-16.504275
-757.883159
339.246953
624.861045
-142.021179
-472.118203
-720.325758
871.792934
-115.664909
250.524000
772.772251
513.891410
-760.772938
673.609755
-727.579293
645.858609
-990.284082
-263.951037
825.613881
958.131377
992.321046
119.060648
-426.519500
-883.365373
-492.122403
562.267071
-632.473983
-184.318936
-244.727699
-492.202630
24.690517
801.037117
-632.637697
-514.013699
12.107038
504.561543
556.705831
48.496814
-516.055595
-669.457093
237.764743
295.944459
312.369962
-546.025499
-44.815130
875.758673
542.650474
100.694119
723.490254
191.056110
-444.084588
-373.323939
961.055114
-415.058946
-467.726859
-397.360366
-720.220122
-204.053501
-517.475765
-458.759266
517.794926
-579.438852
405.047934
-309.703816
-363.349724
701.868880
-427.744524
729.270235
-860.903281
682.547631
561.527294
131.417961
509.556682
539.864689
-883.159447
-640.788759
321.610781
774.231926
118.583969
-535.361579
-637.399601
150.495307
213.893081
-172.609063
-341.641808
-779.711686
-563.187750
810.737973
66.732429
-952.773740
910.315287
569.075077
-405.982900
-626.878467
-363.363049
-38.359744
641.674403
-925.204817
-722.635478
918.942451
-286.413696
340.231014
960.209212
-807.676298
117.770751
342.198293
-220.502449
-207.602485
-275.635380
-418.254140
517.620488
-482.437656
-61.835319
318.298290
737.275443
972.082113
-46.773482
-55.056765
-442.727037
-471.032455
282.163770
-282.744072
240.893108
-815.109449
-394.795897
95.876205
569.102408
-272.557700
-922.728297
-140.640587
-247.555067
-690.788666
56.203232
169.897531
373.115805
544.764086
466.574744
-431.594907
-631.358013
-221.846141
-458.890337
957.066018
-0.791140
584.499205
-515.891232
-673.529605
752.841474
852.099895
777.093692
879.257282
-21.459462
-876.628519
-144.079767
-553.333336
234.966486
402.832000
-994.337141
-926.237526
-861.135915
-84.503345
726.650210
-940.730632
99.559334
-726.799516
549.589779
871.576947
-377.108084
109.072450
894.913869
404.375615
-355.660227
259.481089
478.484677
274.127210
-213.972674
242.619825
0.006064
-94.725415
-707.059182
-29.578856
753.168877
356.530190
-299.975568
-254.730479
-559.621481
680.082543
473.990660
711.463843
-904.992513
376.654019
-543.043604
-26.286436
509.651709
-671.180345
-156.577105
226.273661
-353.322245
-235.654224
-892.368935
450.027312
332.514900
387.401653
-134.150710
-733.317783
938.573701
-623.168588
813.687687
-244.190738
-130.952089
889.080452
417.558114
650.014493
507.347022
-576.006842
-855.770362
-268.914963
-551.717290
-290.309583
-411.234262
320.168709
211.315691
-233.177462
-402.745825
-888.219654
-400.583362
464.805172
22.178296
747.295543
-240.587545
-698.050312
-789.428132
303.471030
730.370956
732.084779
-164.502304
-903.984945
-770.576411
-245.049634
719.343910
-612.943526
463.593806
-40.825522
-877.648032
800.969938
-339.525039
-913.237186
150.691829
654.175192
723.296740
-127.134055
806.189830
-291.969117
-34.527299
-843.413742
-349.252411
-684.236082
332.923746
-646.189482
-299.214865
-677.602073
12.425808
-319.444994
954.627018
-883.980435
-992.458105
706.078818
-588.480014
588.635482
-732.125130
-727.488075
653.534892
835.253403
-701.730254
-637.452609
-771.668632
164.747760
40.718441
373.882439
860.857166
-884.701694
528.315402
135.778243
838.365734
-419.688663
-415.365938
-372.825563
-288.326992
654.644282
-626.758743
468.276432
-74.772457
-121.455443
400.505054
386.556862
-130.021904
-872.149224
115.706386
-197.196487
-173.711170
-348.532389
791.480021
-556.779778
247.220776
79.026379
23.145413
-996.043024
811.340602
770.605825
-79.854407
617.283597
571.925047
363.757051
646.346371
-433.210511
-785.175202
149.640285
-478.190378
-113.002147
788.647232
810.183887
-865.142509
308.457214
-226.364157
300.859287
-369.549862
472.317381
874.074298
-143.406199
-302.226446
423.253010
-131.785045
633.114560
328.439875
-282.508270
-125.692575
-37.000056
-555.335972
942.070142
684.310725
-417.100703
653.468092
-631.024618
-420.292342
141.744987
670.473112
357.282736
-252.988585
435.544278
-32.540048
60.977993
-937.376937
-78.118363
-693.726968
-636.676640
-832.516391
440.372736
-35.104053
564.841855
-269.558473
522.825573
531.321494
-607.048596
-514.656258
562.236402
-505.170499
-737.397982
-205.474742
514.879965
454.614818
-425.487184
-560.479004
263.878682
191.089972
995.650790
240.822394
-856.394647
-88.704523
183.583451
808.526259
898.293893
257.976417
-460.545151
-5.419859
-184.109055
767.036134
-254.399069
-433.313442
-903.353417
576.927700
-233.623402
282.344340
275.849689
163.529994
-618.219492
955.897931
-381.364745
-685.566619
-826.507283
328.098906
123.795703
-324.762708
-713.400894
794.040615
-170.869154
-873.717992
-162.446504
664.164042
102.248627
473.269887
773.136995
-503.530679
-304.858358
125.430951
162.410627
-229.215776
255.703789
60.627169
-151.531732
-81.543658
-485.027798
174.050952
-936.201731
-213.954568
-60.324312
905.233289
-56.646880
987.336527
469.625289
864.151730
-277.233053
444.301652
-287.678698
-675.003416
82.276704
906.735259
183.818509
562.843912
64.366958
208.293815
622.255492
745.101516
-423.537361
889.869965
660.283956
-119.023095
23.199310
-307.623888
-908.905969
-70.822538
61.395350
939.993926
24.076696
83.721069
256.931085
146.077630
83.947883
-909.020317
439.583938
-640.646042
995.776731
282.358950
-314.906722
231.165876
-96.038981
280.660879
506.117352
754.765985
-948.888897
828.097397
405.018775
-533.121589
893.440460
245.893227
360.536507
-195.237200
-832.640765
-826.822971
-265.055181
-424.104519
929.282034
269.250181
-103.036203
439.129622
