2 4 4 2
-52.630295
-609.801311
856.315641
-80.951102
509.373591
-327.605653
704.213865
12.444778
94.906351
-114.929130
317.095314
-532.697342
942.834064
7.389253
-920.668963
668.463098
-493.185085
-550.993501
533.344737
-965.470891
552.852030
-152.464779
-597.707370
126.594354
-547.425005
429.541703
-861.081021
701.022876
437.730109
-959.464138
847.127266
-597.661384
735.403769
-224.581621
-219.188276
-843.853397
-618.065575
870.976166
61.346550
179.056331
-206.708199
-668.015545
-193.369781
529.418120
-951.983018
323.635239
-27.648276
128.378164
-829.771613
-704.148745
912.863554
-814.376779
-260.519769
890.158853
135.377519
-383.044159
246.372456
-684.512865
-908.393624
756.298917
705.108223
-532.103156
-496.239850
-597.208040
369.379770
-161.253590
366.487649
612.401919
-84.309478
-607.481273
-890.289966
482.407680
680.429809
-263.949979
-367.424758
780.487400
770.965093
618.525434
766.773962
935.702620
298.467024
85.956800
