2 4 4 2
-935.719687
751.949570
-728.749042
920.961359
-825.285309
249.348703
405.004318
-480.336420
889.040272
988.479934
-654.140955
720.425492
864.236675
629.534258
-183.609350
625.597650
-403.847758
-700.358634
-490.955787
63.707229
237.905539
-754.785461
-651.302924
-931.318895
940.190876
617.470902
972.168876
127.600337
837.431007
-671.041064
-402.466524
-3.241141
609.872678
-259.548088
-24.742983
-991.328502
246.659895
-30.681435
-111.043918
428.366007
-862.384432
-927.830205
101.217242
-794.516828
-467.500001
600.699058
-173.802368
-420.430150
-846.079310
-185.543979
-600.879550
813.115323
697.549259
682.895279
-378.129658
823.277395
-770.406420
-982.971465
-788.908528
304.150828
780.747083
340.328440
-576.559641
993.938047
967.269630
177.378383
-369.432389
135.361771
-226.968965
181.680717
-781.389595
483.613084
-720.368093
-404.741034
709.919733
-534.260551
-862.936676
-215.063142
400.039149
956.612867
-327.144610
-18.954268
