1000
14
10
0
12
10
10
10
11
10
10
14
14
0
0
6
14
0
10
13
13
10
0
14
10
14
11
13
10
0
0
10
10
19
5
0
19
10
10
10
14
7
10
0
2
8
14
10
10
10
13
10
10
10
0
0
0
10
0
13
0
14
10
18
10
3
7
4
0
10
13
0
9
0
13
14
13
0
10
13
13
0
1
14
17
18
15
10
14
13
0
4
13
10
1
0
0
13
14
14
10
12
14
10
13
14
10
0
13
7
13
10
18
10
13
14
14
10
15
14
16
10
6
14
10
0
7
0
0
0
10
14
10
13
6
13
14
13
14
13
0
18
0
0
14
0
1
8
14
14
13
13
13
13
13
0
14
9
0
10
10
14
5
6
14
0
0
14
1
13
10
0
0
14
14
14
10
13
1
0
10
0
13
0
10
10
10
14
5
7
14
13
0
10
10
5
14
0
12
10
0
7
13
14
14
0
10
14
14
13
14
13
14
13
0
13
10
14
14
14
17
13
10
14
14
0
15
14
13
0
10
0
0
10
10
14
0
0
0
14
14
13
13
13
0
13
13
13
13
6
14
0
15
10
6
14
0
10
14
15
13
10
13
10
0
10
14
8
13
17
0
10
0
0
0
14
13
14
14
0
8
10
14
13
10
0
14
13
13
10
13
11
0
13
0
14
13
10
10
10
14
10
0
14
10
16
13
14
0
15
10
10
0
14
9
13
10
0
10
2
11
10
11
10
13
0
10
13
13
19
14
14
17
14
10
13
10
14
0
0
13
13
0
0
0
0
3
13
13
14
0
13
10
13
5
18
13
11
10
10
14
14
14
13
0
13
14
0
13
13
13
10
10
14
14
13
0
0
10
10
10
10
14
14
14
14
11
14
0
0
6
0
3
14
14
10
10
9
14
13
10
0
14
13
13
10
0
10
19
0
16
10
14
13
10
14
19
10
13
10
14
13
13
10
10
0
0
14
13
14
18
0
19
1
10
15
10
13
5
14
0
10
13
15
13
14
17
0
0
10
16
10
10
13
13
0
11
17
14
13
14
0
13
13
14
14
7
7
13
10
16
3
10
0
5
0
14
0
10
10
10
14
0
10
0
13
14
14
7
14
13
14
0
13
0
10
10
0
10
14
16
10
10
14
13
10
14
10
14
17
10
10
10
6
13
14
0
0
14
13
0
13
14
13
14
13
14
0
14
13
0
14
16
13
14
0
13
10
14
14
10
10
10
0
0
10
0
0
0
14
14
0
10
13
10
10
14
10
10
0
14
10
3
0
10
9
10
0
7
4
16
10
14
0
14
14
13
10
0
0
10
14
14
8
0
13
0
15
14
10
14
10
0
10
14
13
10
13
0
13
14
10
3
13
10
0
6
0
0
0
14
10
0
14
14
0
13
13
7
10
0
0
14
0
13
14
10
0
8
2
13
13
13
0
13
9
14
0
0
0
13
0
0
10
14
13
10
13
10
0
14
17
0
14
10
0
14
10
0
10
13
14
0
6
10
10
14
10
0
13
14
5
13
0
13
15
13
13
13
13
0
19
0
13
0
13
10
13
0
0
13
14
13
14
0
0
10
0
10
0
14
14
13
13
13
14
0
14
13
6
10
10
10
14
5
10
10
9
10
14
14
7
1
10
14
10
0
10
3
10
0
1
18
0
7
14
12
0
5
14
13
13
13
0
0
16
13
10
6
14
10
9
0
13
14
5
14
13
10
13
13
13
10
13
13
0
13
9
5
0
10
14
10
14
13
5
7
10
10
13
14
14
13
14
13
14
0
14
0
13
13
10
14
13
0
15
10
3
10
0
0
13
10
13
9
13
0
10
0
10
0
8
0
14
13
0
14
0
13
10
10
14
14
13
13
0
0
14
10
14
0
10
10
0
14
14
10
13
14
13
1
1
10
13
10
10
0
2
0
0
10
0
10
10
10
2
14
14
13
12
13
10
13
0
14
14
0
17
19
10
16
0
10
13
10
13
0
1
0
13
12
14
7
14
13
10
13
10
8
13
12
14
0
0
0
13
10
0
13
13
5
0
16
10
10
10
10
10
13
13
6
13
10
13
0
14
0
5
0
0
13
13
5
0
5
10
14
0
10
13
10
10
14
10
10
13
13
13
14
10
0
17
0
12
2
14
0
10
18
14
4
10
10
10
13
14
10
14
14
6
0
10
13
19
13
0
0
13
10
13
13
0
13
10
14
10
4
13
0
10
0
0
13
17
0
13
10
10
6
10
14
0
14
0
0
17
14
10
0
13
10
