1000
13
11
9
9
9
13
8
4
8
13
9
9
9
11
12
17
11
17
14
9
11
9
5
11
17
9
9
9
9
13
13
11
9
17
8
13
11
11
17
11
11
9
17
13
17
17
7
9
13
17
19
2
9
10
11
17
13
17
17
13
11
17
9
9
16
17
11
12
18
9
9
13
12
1
11
11
11
13
11
13
17
17
9
13
15
17
13
0
17
19
11
17
11
17
17
11
11
3
9
9
9
11
17
13
13
17
13
10
11
17
9
11
1
9
19
6
17
13
17
17
17
13
11
9
2
11
11
13
9
13
17
17
7
11
11
9
11
11
0
15
17
0
13
11
11
13
17
19
11
9
17
17
11
13
12
17
9
13
17
13
17
13
17
11
13
9
14
11
13
13
17
1
9
11
13
13
17
13
13
17
13
9
9
12
9
13
11
8
11
9
13
17
9
19
5
16
13
13
3
19
3
9
13
11
9
2
11
11
9
10
9
17
13
13
11
7
17
11
11
13
13
5
5
9
13
11
9
13
11
13
17
10
9
11
9
17
17
6
9
13
17
8
11
9
13
17
13
13
17
9
17
11
13
11
11
10
13
13
9
17
17
17
13
11
17
11
9
9
13
11
9
9
17
5
13
17
9
17
13
17
13
9
11
18
9
11
13
17
11
16
11
9
13
9
13
9
11
16
17
13
13
17
13
11
9
17
11
11
17
9
13
13
17
11
11
17
13
11
9
11
5
17
17
17
17
17
11
11
13
17
17
17
1
8
17
17
13
13
17
9
9
9
17
17
4
11
2
17
9
1
17
9
11
17
11
10
5
17
13
2
11
11
13
9
13
17
11
9
11
11
13
16
11
11
9
17
9
9
11
17
9
13
13
17
9
9
11
13
13
11
13
13
11
11
9
17
13
6
13
9
6
11
11
9
8
13
11
14
17
9
9
9
9
9
11
11
17
13
17
17
13
11
17
11
17
17
13
17
13
9
11
11
13
13
11
17
9
11
17
9
9
12
9
11
9
11
13
2
9
11
9
0
13
17
9
0
17
17
9
17
11
7
9
17
11
7
13
11
4
11
17
12
17
13
13
13
13
11
9
17
17
11
9
17
9
11
17
9
13
9
18
13
17
17
9
9
11
9
11
11
9
9
17
13
11
15
13
13
2
11
9
17
13
17
11
17
8
17
5
17
17
11
11
15
0
11
17
9
10
13
13
11
11
13
13
16
9
9
17
11
9
9
11
9
17
17
13
11
9
11
13
13
13
9
11
9
11
9
5
4
9
11
13
17
11
7
9
17
9
9
13
11
13
9
9
9
13
9
11
7
17
11
17
11
13
9
13
13
9
1
17
11
17
15
11
11
13
13
11
17
9
17
7
17
13
17
19
11
17
11
17
9
3
11
17
0
13
9
17
17
8
9
17
9
11
14
8
1
13
11
17
13
17
1
3
11
9
11
11
13
13
11
13
9
17
6
3
17
17
13
9
17
11
9
17
11
17
9
11
11
9
11
13
6
9
11
13
17
11
17
17
13
17
11
19
17
17
9
14
9
11
17
17
9
9
9
7
17
11
9
12
11
11
19
11
17
11
17
13
15
11
9
11
9
11
17
17
9
17
11
13
13
13
11
11
13
13
2
9
11
7
17
19
0
13
9
7
9
13
5
17
2
13
17
11
11
13
13
9
9
11
9
11
17
9
18
11
13
17
4
17
17
4
11
9
9
16
13
10
8
0
17
17
13
11
5
13
13
9
9
11
9
9
9
9
13
11
13
9
17
17
11
11
17
9
9
11
11
13
11
11
9
17
13
9
9
13
16
13
9
9
9
9
11
9
17
10
13
11
7
9
11
9
13
17
17
13
14
9
9
17
9
9
11
9
6
9
19
13
13
9
9
17
11
13
9
9
17
17
9
13
9
9
11
16
13
13
17
9
13
13
17
13
9
12
11
11
11
13
17
13
17
13
9
13
17
13
9
11
13
13
11
16
9
13
11
7
13
3
17
9
3
9
17
9
15
11
17
9
13
19
12
17
14
17
9
13
9
11
13
9
11
11
9
11
11
9
13
9
11
11
11
14
11
10
13
13
11
9
9
11
9
17
11
17
11
9
11
2
9
13
13
17
11
4
13
11
9
17
17
17
17
17
13
9
3
9
17
11
9
1
17
17
13
11
13
9
11
13
13
4
7
9
13
17
13
11
1
5
9
12
17
11
13
13
9
11
11
13
13
17
11
17
13
9
13
9
13
1
11
11
17
13
13
17
13
13
13
9
11
