1000
11
17
1
1
16
18
17
17
11
8
19
1
19
11
1
19
17
17
11
19
9
17
19
1
1
17
2
1
11
19
19
11
1
11
11
11
1
17
8
1
19
16
17
19
1
1
17
11
11
19
17
11
17
17
11
8
19
1
11
17
11
11
19
19
11
10
19
17
17
1
7
19
19
17
17
17
10
11
6
11
9
16
1
1
17
11
19
17
11
17
1
19
1
1
19
19
1
11
11
17
15
16
11
1
17
17
17
19
11
13
1
8
11
4
17
1
11
11
19
17
17
9
14
19
12
4
6
11
1
0
11
19
19
11
19
11
8
1
19
1
1
11
11
17
17
9
19
5
11
1
17
19
19
17
17
19
17
11
1
1
5
1
17
19
11
19
7
1
1
19
1
16
17
11
17
1
11
1
17
1
19
17
19
13
14
11
19
11
1
9
0
19
8
11
1
19
11
7
19
17
11
1
17
9
19
11
1
11
1
17
9
19
17
1
1
1
19
1
11
7
17
11
18
8
11
17
11
19
17
17
11
1
1
17
1
0
5
10
17
1
1
19
8
17
1
11
1
14
11
17
19
8
17
15
11
17
19
9
3
11
11
11
17
19
1
1
9
1
4
18
8
1
19
1
17
11
1
19
11
17
1
1
11
11
1
17
19
19
6
3
19
17
11
11
19
1
12
1
19
12
11
11
19
19
1
11
19
19
19
1
19
1
4
1
1
19
1
19
11
2
1
11
19
19
17
9
1
11
17
19
17
1
11
17
1
11
19
19
1
1
17
17
1
1
17
19
1
1
17
1
19
11
1
11
1
1
17
0
8
1
19
12
19
1
2
13
19
19
17
1
11
11
5
1
19
1
1
1
19
19
19
1
11
1
17
11
19
19
3
19
1
19
1
12
1
17
13
11
19
1
11
1
1
17
19
11
11
19
14
19
4
11
19
13
19
11
1
19
1
19
0
1
19
11
1
11
19
19
17
19
11
13
11
19
1
19
17
19
1
1
11
2
19
1
4
8
1
19
17
17
1
1
1
19
19
2
11
1
15
19
1
17
17
11
11
17
4
11
1
17
17
19
1
17
5
17
17
17
1
1
11
17
15
11
11
7
16
11
17
17
17
1
17
19
19
17
11
1
10
13
1
11
19
1
17
19
19
13
1
1
19
11
19
17
17
1
17
11
11
4
19
19
19
1
17
11
11
11
1
1
17
19
11
17
17
1
19
11
17
11
3
18
19
6
11
12
17
11
15
11
17
11
17
11
19
17
17
11
1
17
19
1
10
8
19
15
11
17
1
19
11
11
1
19
5
1
11
11
19
1
15
17
11
0
16
11
11
11
19
1
8
19
19
7
11
19
17
11
18
17
15
17
1
14
19
19
11
17
17
19
11
1
1
19
19
1
17
11
17
19
18
11
19
1
19
11
1
2
2
1
1
1
17
17
6
17
11
1
19
1
19
17
17
11
1
11
17
19
1
19
17
11
1
17
11
19
1
1
11
8
19
11
11
9
19
2
19
1
11
1
19
1
17
1
1
17
11
17
19
17
3
11
19
19
11
8
11
1
19
11
19
2
1
19
17
19
19
11
11
17
19
1
12
1
1
19
5
1
17
1
3
19
19
17
11
1
8
17
17
11
1
17
11
17
1
1
1
19
17
1
1
11
11
8
1
11
1
5
17
11
19
11
1
17
7
17
11
17
19
19
17
11
11
1
17
17
11
4
1
1
0
11
11
19
11
19
17
19
1
19
1
11
1
11
17
1
17
16
11
1
17
19
19
19
17
19
6
11
19
8
19
17
11
19
17
11
1
1
17
0
17
19
11
10
11
17
19
17
11
19
11
11
1
19
14
11
1
19
17
16
17
1
11
16
16
1
17
1
17
17
16
11
19
1
11
0
1
17
11
11
17
17
11
17
19
11
5
17
19
16
0
1
19
13
1
19
1
11
11
11
11
9
19
7
1
11
11
1
11
11
1
1
11
11
11
10
17
11
5
1
1
17
11
17
17
11
18
8
13
17
1
17
1
17
19
19
11
19
19
17
11
11
17
11
11
19
17
3
1
1
17
1
11
17
17
1
1
6
10
17
0
11
19
11
11
16
19
1
17
3
5
11
17
11
19
11
17
1
16
19
11
17
17
17
0
11
10
11
12
17
17
19
11
1
19
19
1
19
1
19
19
19
17
19
11
17
1
11
17
1
17
19
1
11
9
11
17
1
11
12
12
11
1
17
1
1
1
17
1
11
17
19
19
19
17
11
1
19
11
1
