1000
14
14
14
7
18
1
14
14
14
1
7
7
7
7
12
1
1
14
14
7
11
6
1
1
14
13
1
18
15
0
18
18
14
18
18
1
1
10
14
13
7
18
1
7
1
7
18
18
18
14
1
7
14
7
7
7
7
14
14
18
7
18
1
18
1
14
7
4
7
7
7
18
1
16
7
14
14
18
1
14
1
14
14
1
14
14
18
4
7
1
1
1
14
14
5
14
7
1
17
14
1
1
7
1
11
7
15
1
1
7
14
1
18
7
19
7
2
1
1
5
7
7
7
18
18
14
1
5
6
7
18
14
14
1
14
1
18
18
4
14
18
9
19
1
18
18
7
1
18
1
14
10
14
1
18
3
7
7
18
19
12
14
14
7
7
18
14
1
1
1
1
14
7
14
18
14
14
10
14
1
14
7
4
1
7
11
1
14
1
14
18
14
14
7
7
18
14
6
7
18
7
7
14
18
14
17
1
14
18
7
1
1
7
17
18
1
14
1
7
14
18
7
7
18
1
14
18
16
17
14
4
18
1
18
7
1
7
12
8
18
14
1
18
18
7
18
18
18
7
7
14
1
14
18
14
18
18
7
0
10
11
14
18
18
18
4
1
3
18
7
14
3
1
14
6
14
7
18
1
0
14
13
1
7
7
14
15
11
14
18
7
7
1
2
8
7
18
1
14
18
14
9
1
7
18
18
18
7
12
1
4
1
14
18
10
18
18
5
13
15
14
2
7
14
18
7
14
1
18
18
0
18
1
1
1
18
1
1
14
18
18
1
1
1
1
1
7
14
18
18
14
14
14
1
14
1
7
7
18
1
7
18
18
7
18
14
7
1
5
16
19
1
7
1
1
18
14
7
13
14
1
14
15
14
1
7
14
0
18
16
9
14
14
14
7
14
10
7
7
11
16
1
8
19
11
18
1
18
18
7
1
18
14
14
16
18
7
1
18
14
12
1
14
9
1
3
14
7
7
1
18
7
7
18
18
1
18
1
18
0
7
13
1
1
1
7
14
1
14
1
14
14
18
14
14
14
14
18
13
18
14
18
18
14
1
18
11
7
1
18
14
7
14
1
1
14
14
4
7
1
15
10
14
18
18
1
18
9
14
18
1
7
1
1
2
18
16
7
1
7
18
7
1
1
7
7
10
18
14
0
14
18
14
1
7
7
7
14
7
18
1
14
1
1
7
7
14
9
8
14
18
14
14
1
1
7
17
7
14
18
14
14
14
1
7
11
18
1
7
14
14
18
14
7
1
18
18
18
18
7
14
18
18
18
9
16
18
14
1
1
18
18
7
1
18
18
14
18
7
1
14
3
7
1
10
6
14
14
7
11
18
18
18
7
7
12
1
1
18
1
7
1
5
18
14
14
18
3
13
14
1
7
14
14
18
18
16
18
1
12
14
1
1
1
7
14
14
18
18
1
14
1
18
1
1
7
1
19
16
7
14
12
7
18
3
6
1
1
18
14
11
18
17
9
7
12
15
7
18
18
7
19
7
14
8
7
18
14
3
1
7
10
18
18
1
1
2
18
14
7
16
9
18
7
13
1
18
7
18
1
19
18
1
18
1
7
14
1
1
14
14
1
18
14
7
9
1
8
1
7
7
14
7
1
9
12
14
7
14
4
18
18
2
14
18
14
14
18
1
14
14
7
1
17
14
7
18
14
18
7
7
14
15
1
14
18
1
1
14
14
1
9
16
1
1
7
6
7
18
7
7
14
16
14
1
14
18
1
1
2
18
7
18
4
16
13
14
18
1
12
18
7
18
1
13
1
1
18
1
1
5
1
14
5
11
14
18
7
1
1
1
7
0
7
7
7
18
1
18
1
1
7
14
18
18
18
18
8
18
14
7
7
18
1
14
5
14
18
7
18
18
14
15
1
7
14
1
14
14
15
6
7
18
14
4
14
14
7
7
18
18
14
14
7
1
16
1
14
1
19
7
14
7
7
3
1
14
5
7
7
1
14
7
18
18
7
14
9
15
1
18
14
7
14
14
1
7
9
18
11
14
4
18
17
16
1
7
19
7
18
14
7
1
7
18
1
7
13
7
18
10
1
7
7
1
1
7
18
7
7
14
7
1
7
8
14
13
7
14
14
7
1
14
7
7
18
18
18
7
0
7
7
14
0
18
7
14
1
1
7
14
7
18
7
14
18
18
7
7
1
12
14
1
7
7
11
1
14
14
18
0
1
14
15
1
18
14
18
1
14
7
7
1
14
7
17
1
14
14
14
1
18
11
18
7
18
2
7
14
13
