1000
9
14
17
9
9
10
17
19
9
6
17
9
9
19
17
4
0
9
17
19
17
17
10
17
10
17
17
15
9
6
12
10
17
19
17
17
9
16
17
17
9
15
9
19
14
17
17
17
19
19
10
19
9
9
10
9
17
9
9
9
19
19
9
19
17
17
19
9
19
9
15
17
9
17
17
19
9
19
5
10
17
17
3
12
17
17
17
19
16
9
6
19
9
9
10
10
10
19
17
17
19
9
19
17
13
19
10
14
8
9
6
19
10
9
10
14
17
9
10
17
17
19
9
9
19
10
19
10
17
10
17
19
19
17
19
9
8
9
19
9
17
10
9
15
17
17
17
19
10
9
17
10
9
9
10
10
10
10
5
14
9
10
19
11
19
19
19
19
17
19
9
19
9
1
5
10
19
19
17
19
19
9
9
17
9
19
10
9
18
19
17
9
6
19
17
11
11
10
13
10
10
10
17
10
9
19
9
10
10
9
10
19
19
10
19
9
9
9
11
19
17
9
19
3
17
19
10
19
9
10
19
17
14
17
19
0
19
7
17
19
10
9
19
10
17
10
9
17
19
1
10
17
19
17
9
17
10
10
19
9
19
9
19
9
10
19
9
5
10
17
9
9
6
9
17
9
19
9
9
10
9
19
17
9
3
17
17
17
19
10
9
9
17
17
17
9
10
17
5
15
5
1
17
4
9
9
17
1
19
1
2
9
19
19
17
9
9
1
17
17
19
19
10
19
9
17
19
9
19
17
16
10
10
17
10
5
5
19
10
12
17
17
3
10
19
19
9
17
17
19
14
9
7
10
3
17
10
10
17
17
19
10
17
10
19
9
19
17
5
17
19
9
13
19
17
17
10
10
9
19
9
19
18
17
18
10
19
17
9
17
10
19
9
17
9
5
19
19
19
17
10
8
10
19
13
17
9
17
10
10
19
10
10
1
8
19
19
19
9
11
19
4
10
11
6
17
14
10
10
19
10
4
19
10
19
18
9
17
17
4
9
9
3
17
9
19
19
9
10
19
17
1
19
10
16
9
9
9
10
17
13
19
9
10
19
17
9
19
1
19
9
10
9
10
9
19
10
17
9
17
12
17
17
9
9
9
10
17
17
17
9
19
8
9
17
17
10
14
10
17
10
10
9
9
10
19
2
10
9
9
19
17
9
19
19
19
4
9
10
17
9
10
9
17
10
9
19
10
19
19
17
5
4
19
9
13
4
9
10
17
17
10
0
19
11
9
10
9
9
17
6
10
10
2
19
17
17
18
19
9
10
9
17
9
19
4
4
17
8
19
4
5
10
10
9
9
9
17
9
19
17
2
9
9
17
19
10
9
9
17
19
9
13
10
10
9
9
10
17
19
10
17
19
19
19
10
17
9
9
17
9
9
9
3
11
10
9
9
9
9
19
17
5
10
17
17
9
10
9
19
10
10
9
11
13
17
15
9
18
19
16
17
6
9
17
17
10
17
8
9
10
9
19
9
10
9
17
19
10
10
9
16
9
17
17
10
11
10
19
17
10
3
19
10
10
17
9
9
17
17
19
14
19
9
17
17
17
17
18
15
17
10
10
9
10
9
0
19
4
19
17
19
19
17
9
9
17
10
18
9
5
17
13
17
9
0
16
9
17
9
19
19
17
17
9
10
3
10
17
9
10
19
9
9
17
17
18
10
7
10
19
8
10
9
10
7
9
8
10
6
9
10
9
9
9
9
17
10
7
9
19
9
9
16
3
9
16
9
9
19
17
2
17
10
17
0
19
10
9
10
10
17
17
10
10
19
4
10
17
19
19
14
17
10
17
10
17
19
19
17
9
10
19
19
9
18
9
11
19
17
15
17
9
17
19
17
19
9
10
10
16
9
17
10
17
17
17
10
10
9
17
18
10
17
10
10
19
9
17
10
9
17
13
9
9
19
10
10
17
19
19
10
10
10
9
9
1
13
19
9
17
10
9
10
17
15
10
17
10
10
10
9
10
9
9
17
9
10
10
17
17
9
19
17
2
19
7
2
10
17
9
9
2
9
19
5
17
19
9
11
10
15
19
19
17
19
17
17
12
19
10
9
1
17
17
17
19
5
17
17
9
9
9
9
19
17
17
10
9
19
17
9
17
17
19
19
10
9
17
17
10
19
12
9
9
9
9
19
14
17
19
17
10
10
17
19
17
10
10
19
17
9
10
8
9
19
7
17
19
17
10
19
10
19
9
17
19
19
3
19
19
17
17
9
19
9
17
10
19
9
14
9
9
17
17
17
19
19
19
19
