1000
19
6
9
16
3
19
16
18
9
6
16
9
9
19
9
6
1
19
6
5
6
9
16
16
19
16
19
16
6
9
6
16
16
6
16
6
6
16
6
19
6
16
6
16
18
19
6
6
16
6
9
16
16
19
9
9
19
9
9
6
3
16
19
16
16
9
13
16
8
6
19
16
19
17
16
8
6
16
10
4
19
9
6
6
16
6
6
16
16
9
6
9
16
6
6
19
6
16
16
6
9
9
6
6
16
6
8
9
14
6
16
19
6
19
9
18
9
9
16
9
19
6
7
6
16
19
9
19
7
6
9
19
16
6
16
16
19
9
9
16
9
6
9
3
9
19
3
19
15
14
9
19
0
6
16
16
9
6
9
19
0
19
19
6
16
9
16
19
9
16
6
14
19
19
9
6
6
2
8
16
6
19
9
9
19
16
9
16
16
9
9
16
19
18
19
9
6
16
6
19
9
19
9
16
9
4
19
19
9
6
16
19
11
9
9
9
16
16
6
16
6
16
9
16
8
9
10
9
4
6
9
6
19
16
19
16
16
16
2
19
8
19
9
19
16
6
2
6
2
16
16
6
6
9
19
6
19
9
6
16
19
14
9
16
16
19
16
9
9
16
16
6
16
6
8
9
16
16
7
6
11
16
16
6
19
6
9
16
19
6
16
9
16
19
16
19
17
19
6
16
19
6
5
16
14
16
6
19
16
13
6
6
16
5
19
9
16
19
2
16
9
6
16
19
9
16
6
16
19
19
19
19
9
6
16
9
9
19
6
14
9
11
16
12
6
6
19
6
9
16
6
6
19
6
6
19
16
9
9
6
16
17
16
19
9
16
14
14
16
16
19
16
9
16
6
16
9
1
6
19
9
19
9
1
19
16
17
19
16
19
9
19
16
16
16
9
15
19
2
9
16
19
9
16
9
16
6
16
9
16
6
19
6
6
6
9
16
16
0
6
8
6
6
9
6
9
16
16
0
12
18
6
6
9
16
19
16
1
16
6
16
16
9
6
6
6
6
19
13
6
9
6
19
11
16
9
6
16
9
3
19
9
9
17
18
19
16
6
16
3
19
6
6
19
17
19
19
6
19
2
16
9
14
19
16
9
6
4
8
19
19
19
7
9
19
19
16
9
6
16
14
9
6
6
19
9
11
14
9
9
6
19
9
6
6
9
16
19
0
9
9
6
19
6
16
16
10
19
6
19
9
0
6
8
6
0
8
9
6
19
7
19
3
16
16
17
9
6
6
16
6
16
16
16
18
19
16
16
6
6
17
16
16
16
16
17
16
19
6
6
16
12
9
9
19
19
6
9
16
6
16
6
6
16
16
19
16
9
19
6
19
19
19
14
6
9
8
9
19
16
6
9
6
9
16
9
19
9
16
16
16
6
6
16
6
14
5
6
6
16
6
11
9
19
6
9
9
19
19
19
16
16
9
19
19
19
16
19
9
16
12
6
16
19
19
19
15
2
9
11
3
19
1
9
16
19
9
12
13
3
6
16
9
9
16
5
9
16
9
9
19
16
6
16
6
16
13
19
19
16
6
9
9
9
19
3
9
16
2
19
19
18
16
16
9
6
9
16
11
6
16
9
19
16
9
19
6
9
6
19
6
18
19
19
6
16
16
3
8
11
16
6
16
16
16
0
19
9
19
12
8
14
6
6
9
9
16
6
19
16
6
6
6
16
6
16
6
16
19
9
6
19
9
6
19
19
19
19
6
9
16
16
9
9
19
16
16
19
8
6
16
3
9
6
16
19
5
9
6
16
9
6
6
8
19
9
13
19
19
16
10
7
12
9
6
19
16
19
6
9
16
6
2
6
16
19
16
6
16
16
19
17
10
6
19
16
6
9
15
9
9
16
9
6
19
16
19
19
9
19
6
19
9
2
11
16
8
9
19
16
16
6
19
6
9
6
16
6
19
6
16
16
11
9
16
8
9
19
9
16
19
16
19
19
16
6
6
16
19
19
0
9
6
16
6
10
6
16
14
6
19
3
16
19
9
9
9
1
7
19
19
19
6
6
6
16
19
19
6
19
16
19
18
6
16
6
6
16
1
19
19
16
6
6
6
19
9
16
16
16
9
14
6
16
9
16
19
9
16
19
9
6
9
16
16
16
16
9
6
9
2
16
6
6
19
16
6
19
6
19
6
2
9
9
9
16
19
9
16
6
16
7
9
9
6
16
16
19
19
16
6
19
9
9
16
1
6
9
19
16
19
6
6
6
9
12
16
19
11
15
9
14
6
16
16
16
16
16
16
6
