1000
8
8
17
17
9
1
9
17
0
8
5
16
8
8
4
9
9
16
17
16
17
16
17
16
8
6
8
17
9
9
15
1
9
4
12
17
8
16
8
8
9
8
17
17
16
17
16
17
16
17
8
9
8
17
17
9
8
8
8
16
16
16
14
9
9
17
9
17
8
17
9
16
17
16
17
6
17
8
9
8
9
9
8
16
9
16
8
9
19
17
8
16
9
9
2
15
17
12
13
16
17
8
17
16
8
8
9
16
8
8
17
8
3
16
8
17
8
6
16
13
3
8
17
17
17
8
13
17
16
8
8
9
9
19
9
8
17
17
8
9
16
17
8
16
17
1
8
17
16
17
8
0
16
9
16
9
0
16
17
8
17
16
17
17
17
17
16
16
9
16
8
9
9
8
11
8
8
9
16
17
8
9
18
17
15
9
8
8
8
10
9
6
16
8
9
17
4
9
16
2
3
17
9
16
17
8
8
16
17
17
17
8
16
14
10
16
16
17
16
18
17
17
8
18
8
8
16
8
0
16
17
9
9
8
8
17
17
9
17
9
16
9
16
2
16
18
9
9
5
8
1
17
9
17
7
16
9
18
16
8
4
16
14
16
9
9
9
8
8
17
17
16
9
16
8
15
16
16
16
16
15
11
16
8
9
16
8
18
8
17
17
9
16
16
16
16
8
17
8
9
17
9
17
16
17
16
8
9
17
19
8
8
2
5
9
17
16
17
8
9
17
8
17
9
9
9
9
17
14
8
9
14
17
9
8
18
17
17
9
17
8
16
16
8
17
17
15
4
9
9
8
3
4
8
4
16
16
19
7
8
8
8
9
19
8
16
7
4
10
16
12
8
8
1
8
16
16
8
8
10
16
17
17
17
8
16
16
9
17
11
17
5
16
8
17
17
9
17
1
10
8
9
8
17
8
17
16
9
13
5
17
16
0
16
17
17
9
9
8
12
8
9
9
16
16
9
9
8
7
13
8
17
11
9
16
8
8
17
8
16
12
16
9
9
16
8
19
16
12
17
9
8
16
16
9
9
8
17
8
17
9
16
8
17
9
8
17
3
8
11
16
14
16
17
16
17
8
8
17
9
6
17
8
16
8
9
11
12
16
8
16
17
9
4
16
9
9
8
17
17
4
17
9
16
17
18
16
9
8
8
16
3
9
17
1
6
15
9
8
17
9
17
9
16
8
9
8
17
1
9
17
17
9
8
17
17
9
9
9
16
8
8
8
9
8
9
17
9
16
16
17
9
8
17
9
8
8
5
16
8
8
17
9
16
16
16
17
16
10
16
8
17
15
17
4
8
9
17
9
9
8
15
9
17
8
8
8
7
8
17
16
16
16
9
2
17
17
16
9
0
16
9
8
17
17
8
8
17
17
17
8
8
17
17
8
16
9
9
18
17
3
17
16
17
17
9
16
17
16
16
9
17
16
17
8
17
17
9
9
16
9
8
9
8
16
8
9
9
17
16
9
8
10
8
8
8
8
0
2
9
19
8
6
8
7
16
9
8
16
16
9
16
8
17
17
13
8
17
9
17
1
8
8
17
16
17
16
9
17
8
17
16
8
16
9
8
3
17
8
9
9
8
9
6
9
9
1
16
14
8
9
16
17
9
9
8
17
16
8
17
16
8
16
9
10
9
17
16
9
8
16
8
9
9
8
9
16
17
17
7
8
8
9
8
8
17
9
9
4
17
8
12
16
17
17
12
17
16
17
13
12
9
9
16
8
16
17
12
8
19
19
17
16
16
16
17
9
8
19
8
16
8
16
0
3
17
9
17
9
17
9
8
8
8
9
9
17
8
16
9
0
16
6
16
9
17
16
9
8
3
9
17
17
9
9
19
9
16
9
17
9
7
16
17
8
17
12
17
17
14
9
1
16
17
17
17
17
17
9
6
9
16
16
13
16
16
8
17
16
14
13
8
8
8
9
4
8
16
9
9
10
16
9
9
8
8
8
17
8
0
9
8
5
8
16
8
16
8
17
8
17
14
16
17
17
8
19
17
16
9
9
16
16
16
8
8
17
17
8
18
8
16
9
16
16
17
16
6
9
17
9
9
11
0
16
11
9
9
17
8
8
8
2
9
16
16
17
8
9
3
1
9
16
17
16
17
17
9
8
17
17
17
4
17
17
16
13
8
16
17
8
9
9
17
9
3
2
16
7
8
8
8
16
8
17
9
9
8
17
9
16
8
1
9
17
8
8
9
16
8
16
8
13
8
5
9
9
13
17
0
16
12
16
8
17
9
9
8
16
8
