1000
8
13
13
13
5
14
14
8
13
5
4
8
14
14
14
14
14
13
5
8
5
13
13
8
14
8
13
9
13
14
13
9
14
14
12
17
14
12
5
13
5
8
8
13
14
14
13
13
5
13
14
5
13
14
12
14
8
14
8
14
14
14
13
8
13
5
14
14
12
13
2
14
14
8
8
3
13
14
14
13
1
13
14
14
10
13
14
12
8
13
8
14
8
14
5
14
13
5
11
13
5
14
7
5
8
5
5
13
14
13
14
16
8
5
8
14
13
0
13
5
14
7
5
5
8
8
14
5
7
8
14
8
19
5
14
8
4
8
14
14
3
4
5
13
5
14
8
8
9
8
14
5
8
8
5
8
13
8
1
5
3
13
14
14
13
15
13
13
14
5
10
13
9
13
14
13
13
4
12
8
8
13
8
14
14
15
5
14
5
8
8
14
8
14
8
15
8
8
8
6
13
13
14
5
13
8
14
8
13
5
5
14
14
8
5
13
13
0
13
8
14
5
5
8
13
13
5
16
5
13
3
5
13
5
8
13
8
14
8
8
8
14
5
14
14
8
5
14
12
14
2
8
8
5
18
14
5
13
8
19
13
18
5
17
14
14
13
8
5
5
13
13
13
8
14
5
14
14
14
14
8
13
5
14
5
5
5
13
13
8
14
13
14
14
13
5
14
14
14
19
8
17
8
14
5
11
5
14
14
5
14
13
13
13
14
8
14
13
14
13
14
5
14
5
9
5
19
5
0
13
5
5
14
5
14
17
5
5
13
13
8
8
8
14
5
13
8
16
14
5
13
14
14
14
10
13
17
8
8
14
5
8
11
8
5
14
14
8
5
8
14
13
8
1
5
8
14
13
19
1
14
7
13
5
13
14
8
8
13
14
14
5
14
8
12
8
14
5
5
5
14
13
5
8
13
6
8
5
8
8
5
8
8
13
5
14
14
13
13
13
12
13
8
5
8
8
14
13
13
14
5
5
8
18
5
13
15
13
13
14
14
8
14
5
13
12
14
5
14
14
9
8
13
7
5
6
14
13
8
14
14
14
10
14
5
13
1
13
13
2
5
5
7
13
9
5
5
5
10
8
8
15
14
8
8
13
2
5
14
8
8
8
13
5
5
17
5
8
5
13
5
13
13
3
13
13
8
14
12
13
5
5
13
13
13
5
14
13
5
13
8
14
8
8
5
14
14
19
8
14
14
14
14
14
14
11
13
8
5
6
14
5
14
14
14
8
13
1
8
5
16
13
14
14
5
8
2
13
13
8
14
13
13
5
13
5
13
14
13
14
13
9
13
8
8
14
8
14
6
5
14
10
5
13
2
14
5
10
5
8
8
13
13
13
14
5
5
5
13
5
5
5
5
8
13
13
8
8
8
8
8
5
5
15
5
14
5
14
13
8
8
5
8
5
9
14
4
5
14
8
17
5
14
5
14
14
14
5
12
17
19
14
13
5
5
13
14
14
14
13
5
13
5
5
14
1
13
12
5
8
5
14
13
13
14
8
5
13
13
0
8
8
13
14
5
5
14
14
5
14
8
13
8
0
13
13
10
14
14
5
5
5
5
2
8
8
14
11
0
13
8
10
17
14
13
11
14
13
8
13
8
5
13
14
5
13
8
8
14
13
5
8
16
14
13
6
5
8
5
6
14
13
13
11
1
14
13
5
8
15
14
8
7
14
14
13
3
14
3
8
8
13
13
8
8
8
8
14
3
10
15
14
5
14
14
16
11
2
13
1
5
5
13
5
5
18
13
14
14
14
4
10
14
8
14
13
5
14
14
14
5
14
14
0
0
8
14
8
14
13
8
14
13
5
1
8
14
5
14
14
8
1
14
8
5
13
10
8
14
13
5
5
13
14
13
13
8
14
10
8
5
8
5
13
6
14
13
1
5
9
8
5
8
5
8
4
5
14
8
8
5
5
14
14
8
11
7
8
8
14
14
13
5
5
1
13
5
16
0
14
8
5
13
8
13
3
8
0
5
5
14
5
5
13
5
8
8
13
13
7
13
0
5
5
13
14
5
5
14
13
14
14
13
5
14
2
8
8
9
13
13
5
8
14
14
6
14
5
14
8
13
8
13
9
8
8
5
13
13
13
14
11
14
5
13
13
14
14
4
16
13
8
8
5
13
5
13
5
1
13
14
13
6
8
14
8
14
8
16
14
13
13
13
5
14
5
14
13
5
5
13
14
5
14
0
13
8
8
13
8
0
13
5
13
1
19
8
8
8
13
14
14
13
8
14
14
5
2
5
13
