1000
1
2
15
14
0
0
17
15
17
14
15
2
15
0
14
0
3
14
0
14
0
0
14
15
2
2
14
0
15
2
2
7
14
15
15
14
15
15
19
15
2
15
0
10
15
14
12
15
15
14
15
0
0
14
2
0
15
12
14
0
14
0
8
2
15
2
2
14
2
15
14
14
2
2
14
0
14
0
14
14
0
2
0
13
2
14
2
13
0
15
3
15
15
15
0
7
0
0
15
7
15
5
0
0
2
19
15
2
14
15
14
14
2
15
14
15
0
14
15
13
6
0
14
0
2
16
0
14
2
15
2
12
2
15
15
2
15
14
15
8
0
2
15
1
14
2
14
5
15
2
2
2
2
14
2
2
14
9
8
2
0
2
2
17
15
2
15
0
15
14
14
3
14
15
15
15
6
15
14
12
15
15
15
2
14
15
3
4
2
8
14
14
15
15
17
18
2
14
0
2
2
2
5
15
0
2
0
15
0
2
2
0
9
2
12
2
14
6
14
6
0
15
14
14
2
14
2
0
0
14
2
2
2
14
0
13
15
0
0
0
14
2
14
5
14
14
0
15
15
1
14
0
15
0
2
14
5
0
0
14
15
2
0
15
2
14
0
0
0
3
2
2
14
14
15
0
15
0
4
2
12
15
15
1
15
14
14
19
14
0
14
0
11
0
0
2
0
15
0
2
0
15
16
2
15
2
0
2
14
2
15
19
2
0
14
2
15
14
2
0
0
11
0
0
0
5
6
2
2
14
15
14
0
0
19
15
14
14
15
0
17
14
2
14
2
2
0
11
15
14
2
2
0
15
15
15
2
14
0
15
2
19
14
14
9
2
2
15
15
2
15
14
19
2
15
0
2
0
10
2
14
15
16
14
14
15
0
16
14
2
9
17
14
14
0
15
0
14
0
14
2
0
14
14
14
14
0
0
11
19
8
15
0
15
14
15
2
14
2
2
14
0
2
14
15
2
14
15
3
15
14
15
11
0
17
8
15
0
10
0
15
15
15
2
14
15
15
15
15
2
15
14
5
14
2
3
15
0
2
0
15
14
0
18
0
2
0
14
11
14
19
14
0
15
14
15
0
0
15
16
14
6
19
2
2
0
0
2
0
15
14
14
2
7
0
7
13
0
2
0
7
15
14
2
14
14
0
15
14
14
14
15
0
14
15
15
15
0
0
2
14
2
6
2
11
14
9
2
2
0
14
0
0
15
15
6
14
2
15
0
15
4
0
2
14
15
15
2
0
0
15
15
1
0
14
15
15
15
12
14
18
0
0
2
0
0
4
14
6
0
2
2
0
2
2
2
0
15
2
3
14
2
6
14
0
14
2
0
2
14
2
15
15
14
0
14
0
11
14
0
2
2
0
15
12
0
2
2
2
14
14
15
0
6
2
15
5
0
14
2
0
15
2
11
0
2
17
17
2
14
2
11
14
0
15
14
18
13
14
0
2
15
0
14
12
15
0
0
2
2
2
0
0
15
2
3
2
0
2
15
15
14
15
15
0
2
0
0
0
0
2
14
2
14
3
0
5
0
5
15
2
2
15
0
15
14
15
0
14
2
2
2
14
0
0
0
14
2
15
0
2
15
14
14
2
0
4
14
15
14
2
14
0
16
14
0
10
14
15
2
15
15
19
15
0
15
14
0
15
15
0
0
15
15
14
2
14
2
14
6
0
0
14
2
0
14
15
15
15
2
15
15
0
14
0
0
14
0
2
5
0
14
0
11
1
15
14
0
14
14
2
15
0
15
2
0
2
2
15
0
2
2
14
15
14
14
15
19
1
14
9
2
0
2
2
15
0
0
14
19
0
14
0
15
2
15
0
15
7
5
14
5
3
2
2
15
2
0
19
9
14
14
2
15
15
2
13
0
0
15
14
11
13
14
2
2
8
0
0
2
3
9
15
0
2
0
11
2
14
15
2
14
0
2
15
2
0
5
2
0
19
14
0
2
15
4
18
0
15
14
10
14
15
15
15
15
0
18
2
7
18
2
15
15
14
15
13
15
0
14
15
2
14
14
15
2
14
0
0
15
14
15
14
14
2
2
0
2
0
15
1
14
15
14
2
2
0
2
2
2
2
0
14
0
0
14
2
14
0
14
0
0
14
6
14
0
0
0
15
4
14
14
18
9
14
15
14
2
0
15
18
15
1
16
0
15
12
2
15
14
15
14
12
10
15
0
0
15
2
0
2
14
0
14
15
2
8
14
14
2
0
2
15
15
0
2
15
0
15
2
14
0
7
16
14
15
19
14
14
0
