1000
18
14
14
14
8
10
18
10
16
7
10
18
16
18
18
18
19
16
16
2
14
16
8
10
18
14
18
18
10
16
14
4
4
18
18
10
8
18
14
10
16
5
18
16
10
16
14
15
10
10
18
14
16
14
18
18
13
14
16
18
16
10
18
9
16
14
14
18
16
18
18
18
18
14
14
16
2
10
16
10
15
18
18
10
16
18
16
10
18
10
18
16
14
14
16
18
16
1
6
18
16
18
14
14
16
18
19
19
10
18
13
14
16
14
16
11
14
7
10
16
18
18
10
14
10
17
14
10
18
18
9
11
8
16
14
16
18
1
16
14
7
16
14
14
16
10
16
10
18
14
18
10
18
16
16
16
14
16
18
10
10
16
10
10
18
14
18
16
16
14
10
8
16
10
16
18
13
16
14
10
14
18
18
10
10
10
16
16
4
14
14
8
14
16
3
18
10
18
10
10
16
16
14
16
10
10
10
10
10
10
14
14
10
10
10
14
16
18
14
16
14
14
14
18
14
10
18
16
18
14
18
16
10
16
18
10
6
18
18
13
18
14
16
16
4
18
14
18
14
19
10
16
16
14
10
18
2
18
18
0
10
10
10
18
16
18
14
16
10
18
14
18
19
14
16
16
10
10
10
16
18
10
19
3
14
18
10
9
14
10
10
10
16
11
18
16
18
10
16
1
16
10
17
14
18
10
16
14
16
10
10
10
16
10
18
18
9
10
10
10
16
5
16
10
10
9
10
18
18
10
6
18
18
18
18
18
18
14
10
14
10
16
10
16
18
10
10
6
10
10
18
9
10
10
10
16
10
16
8
14
10
11
10
18
14
10
10
16
18
14
10
18
10
18
18
10
18
10
18
13
10
18
13
10
16
17
16
14
14
16
16
14
10
8
16
18
18
14
12
14
16
17
10
14
12
14
7
16
16
14
16
10
16
16
14
14
14
10
16
10
10
18
14
10
18
16
3
14
16
16
10
18
18
10
1
14
18
16
4
14
14
7
10
16
18
16
18
16
18
15
18
16
4
10
16
18
16
10
16
14
16
6
16
16
16
16
10
16
10
14
14
14
14
14
12
3
18
16
16
11
14
16
16
14
7
14
9
10
10
10
7
14
13
14
16
13
16
16
10
16
8
18
10
18
17
18
10
14
16
18
14
14
4
16
11
10
14
16
18
18
18
14
10
18
16
16
16
14
17
10
14
7
10
14
8
2
10
16
16
14
14
18
0
14
10
14
10
14
16
1
18
14
16
18
2
16
0
16
18
14
10
7
14
14
10
14
10
16
18
10
10
10
19
7
14
14
14
10
5
9
16
18
18
10
14
14
14
10
10
14
9
18
15
16
18
18
2
10
18
18
14
3
18
17
17
16
10
14
9
18
14
18
5
10
18
16
18
5
10
16
16
16
14
14
16
18
16
10
18
16
10
14
3
10
18
10
12
14
16
0
16
10
10
10
10
16
10
16
14
10
14
14
18
18
15
11
17
18
10
16
14
13
16
18
0
19
15
16
14
7
14
10
10
2
14
10
14
10
18
0
16
10
18
16
18
14
18
5
4
14
18
3
18
18
14
10
10
14
14
16
14
10
16
16
18
18
18
16
16
14
18
2
18
10
13
18
10
10
16
16
10
16
1
10
18
16
16
16
18
14
14
18
14
14
14
18
16
10
10
16
16
18
18
16
16
14
18
10
0
14
18
10
16
10
2
16
16
10
16
8
10
14
13
3
18
18
10
8
10
18
14
16
14
18
1
16
18
10
14
18
18
10
10
10
14
16
18
16
12
16
16
0
18
15
18
14
16
16
16
18
10
12
18
16
14
14
10
14
0
18
14
6
18
14
14
17
1
19
10
10
10
10
16
2
10
18
18
18
14
4
14
18
16
14
18
18
16
16
10
10
16
10
12
14
14
14
10
16
16
16
10
10
16
18
18
16
18
16
16
16
14
14
10
18
14
18
10
18
18
2
18
18
10
16
16
0
18
16
18
10
8
14
10
10
18
6
14
18
16
13
10
10
18
10
1
16
18
18
10
2
19
14
10
14
10
18
16
18
17
18
14
10
10
18
18
18
18
10
16
10
16
16
18
14
16
14
16
18
16
10
10
16
18
14
14
14
14
18
16
18
10
3
14
8
4
14
10
18
18
13
14
14
6
16
16
3
11
10
10
10
16
10
14
3
10
16
14
16
18
4
14
16
14
14
18
10
10
8
18
14
10
16
2
16
16
14
14
14
10
18
16
18
10
18
10
14
14
6
16
18
