1000
14
3
18
19
1
3
11
11
11
3
3
14
18
14
18
10
18
11
3
18
3
12
0
3
3
14
14
18
11
14
14
14
11
2
11
11
17
3
13
3
3
14
3
11
18
15
11
16
18
16
0
11
14
3
14
11
11
6
11
18
11
18
18
14
11
14
19
3
11
9
11
2
3
14
18
17
18
14
18
7
18
5
7
11
11
19
14
14
11
14
18
13
3
14
14
8
11
11
18
11
14
14
3
17
18
14
11
11
3
11
10
14
17
18
3
19
3
6
3
14
3
11
11
11
10
11
14
13
14
11
14
18
14
14
6
18
18
3
3
3
18
3
14
18
11
13
11
12
8
4
3
9
11
14
3
18
18
11
3
11
3
3
3
13
14
18
14
0
14
14
18
14
3
11
19
14
14
14
11
18
11
18
18
12
14
9
18
3
11
18
18
11
7
18
14
3
12
3
3
11
3
0
14
18
18
18
18
18
11
14
3
3
18
14
14
3
3
3
11
14
14
6
1
3
3
14
11
6
11
3
3
14
3
8
18
11
11
18
9
18
14
6
11
11
11
3
5
11
18
18
0
3
14
18
11
3
19
14
11
14
18
14
4
14
11
11
18
3
16
3
14
18
11
3
11
7
18
11
3
14
3
14
18
3
11
14
18
18
3
18
12
3
11
18
3
11
11
11
18
18
11
11
3
7
11
3
11
18
18
5
14
14
3
18
11
3
14
3
9
3
9
3
16
14
11
18
18
11
14
18
14
3
14
3
14
14
14
11
3
14
5
2
3
3
18
10
0
7
11
11
3
18
14
14
18
18
19
3
3
14
14
11
14
14
10
18
11
18
3
15
11
14
14
14
14
11
14
18
14
3
6
14
14
11
18
3
12
3
11
11
18
18
14
3
1
14
14
11
3
11
18
3
14
3
11
6
3
3
18
18
4
11
14
3
18
14
18
4
14
14
18
11
14
18
9
1
9
18
16
3
15
11
11
14
11
3
9
9
3
1
18
18
14
18
14
2
14
11
11
11
3
14
16
18
14
18
3
14
18
3
18
18
3
19
14
18
18
11
3
17
18
3
14
14
11
14
18
3
14
14
3
2
3
11
3
18
18
11
11
11
3
19
14
11
4
18
11
14
6
11
3
18
18
18
14
5
11
15
3
18
14
11
3
18
3
11
2
13
11
3
18
14
14
18
14
18
14
15
14
3
16
14
11
14
18
9
14
18
18
11
17
14
10
18
11
18
6
13
11
3
11
14
3
11
3
18
14
14
11
18
14
9
3
18
11
11
3
14
18
18
4
11
18
3
14
11
9
11
11
3
16
18
11
18
11
14
14
11
7
11
18
14
11
18
3
18
11
18
11
6
3
14
9
3
18
11
14
3
11
10
3
10
3
14
3
14
14
4
11
11
2
11
18
3
3
14
14
18
14
11
13
19
14
18
14
18
7
18
18
13
11
15
16
14
3
14
3
11
11
18
3
3
3
3
3
11
14
19
3
3
3
11
8
18
11
18
11
3
18
4
14
0
3
3
18
18
11
11
14
15
18
18
3
7
19
18
13
3
14
11
18
14
11
3
3
18
3
14
14
3
4
14
11
11
11
3
18
14
11
14
5
18
3
18
13
11
3
18
14
11
0
14
18
11
17
3
18
14
11
14
3
3
11
11
14
12
3
14
14
14
5
11
11
14
14
18
18
14
1
11
3
3
9
18
11
1
19
14
12
11
11
14
11
18
11
14
14
11
13
19
3
18
18
11
3
18
3
14
10
3
14
3
14
8
14
7
5
11
8
14
18
18
11
11
11
11
11
14
11
11
18
18
18
18
11
2
10
3
11
11
11
3
18
3
14
14
3
3
14
18
18
18
14
14
3
3
14
19
6
3
1
14
13
14
3
18
14
14
18
14
3
4
11
0
14
9
1
14
1
11
18
7
11
10
11
14
9
14
18
11
3
3
18
3
17
11
14
14
3
16
3
18
11
11
13
18
3
11
11
14
18
18
3
11
7
18
11
7
3
18
16
18
14
18
18
7
11
18
16
18
17
18
14
11
18
14
14
3
18
11
14
18
11
11
3
3
14
11
11
10
11
11
3
14
10
11
3
3
14
14
11
14
3
11
11
18
0
3
11
3
3
18
11
14
12
18
3
1
14
18
18
3
14
14
18
14
18
18
3
18
11
11
18
18
14
14
11
8
11
17
18
15
11
11
11
11
14
14
14
3
18
14
11
19
12
11
18
11
14
11
3
18
3
11
14
14
18
14
11
18
