1000
7
1
16
1
7
1
1
0
7
1
0
0
7
7
0
7
0
16
7
1
0
0
16
1
2
8
1
0
7
7
16
7
0
1
0
16
1
0
4
7
16
14
10
1
6
17
16
16
1
16
7
7
0
1
16
16
7
1
16
1
1
7
1
16
7
0
14
7
1
16
1
1
7
0
1
1
7
7
3
7
1
1
7
0
1
16
16
0
16
7
0
1
0
16
16
7
16
0
16
1
1
19
0
0
7
1
9
0
1
1
1
13
7
1
16
16
1
7
1
16
1
16
0
16
3
16
0
0
16
0
7
7
1
0
0
5
7
16
16
0
16
1
11
15
0
16
16
16
16
4
16
7
16
10
1
0
1
7
16
0
7
0
0
7
7
1
7
2
16
1
16
16
1
7
1
7
1
0
9
1
7
7
0
0
1
7
16
16
1
7
7
7
8
16
0
0
2
1
16
16
1
7
7
12
0
16
1
0
16
0
1
4
1
1
1
16
0
16
16
1
4
17
7
1
0
7
1
16
16
0
7
0
0
0
0
16
16
16
16
1
7
16
7
1
16
0
7
8
0
0
7
4
5
1
16
11
16
4
3
1
1
1
1
0
16
2
16
0
0
12
1
7
4
6
7
0
17
0
0
7
16
18
1
1
0
9
16
1
16
16
16
16
16
0
7
16
16
1
1
0
1
7
7
19
7
1
16
7
1
16
7
0
16
1
0
16
1
0
1
7
0
16
0
17
7
19
0
7
0
1
10
6
0
16
0
7
0
0
0
19
7
15
16
1
7
16
0
16
1
16
16
0
0
7
16
16
7
2
4
0
16
0
0
0
6
1
7
7
7
0
2
15
0
10
1
16
16
11
5
13
7
1
16
13
7
16
1
1
0
16
7
7
0
19
16
7
0
5
16
0
0
2
16
1
16
16
4
1
0
16
14
16
16
0
7
16
1
7
16
7
0
7
1
13
7
16
1
0
18
1
0
16
0
7
0
16
7
7
8
0
1
0
16
7
18
3
1
16
16
8
0
1
0
0
0
1
7
1
7
16
7
7
16
0
1
16
7
1
0
1
1
16
7
12
6
7
7
7
14
7
4
5
16
16
1
16
1
0
16
14
0
1
1
7
0
7
13
1
7
1
7
18
0
1
6
9
0
7
16
2
7
1
7
12
12
12
16
14
9
0
16
16
18
1
1
15
16
1
5
16
16
7
7
17
16
7
16
16
1
7
16
0
7
0
1
18
1
1
16
16
8
7
16
16
1
1
10
0
9
1
7
2
0
16
16
16
1
0
7
1
16
7
16
2
16
0
10
1
0
0
1
16
7
16
16
2
16
0
0
1
7
7
0
7
1
16
9
16
9
1
14
7
7
8
14
7
16
1
7
0
1
1
3
18
1
16
1
16
1
1
16
1
7
16
0
7
1
0
7
7
16
1
1
0
0
16
16
7
1
1
0
0
16
1
0
0
16
1
16
0
0
0
1
16
16
9
7
7
7
16
0
7
7
0
16
0
0
8
0
1
7
16
1
18
1
1
16
1
16
7
16
14
7
0
16
19
16
16
1
0
7
9
0
0
7
1
16
7
16
7
19
16
0
9
0
7
7
7
7
1
3
16
7
16
7
16
0
0
1
7
1
16
10
1
0
16
7
0
1
0
19
16
7
19
16
1
16
7
1
7
0
1
0
16
7
7
1
19
1
1
7
1
0
1
15
7
1
7
1
1
16
0
16
7
16
0
0
0
7
16
16
7
7
1
16
7
7
13
0
3
0
7
16
2
16
7
7
1
16
7
16
16
16
16
1
16
7
16
0
13
16
15
0
16
0
7
7
1
0
16
18
7
0
1
16
1
1
0
18
1
16
16
16
7
4
16
7
1
16
0
3
7
17
1
0
7
7
7
1
7
1
16
0
0
16
10
16
10
0
0
0
16
1
1
4
1
16
16
7
1
0
7
16
1
16
7
4
7
7
7
16
1
7
0
0
0
14
8
1
0
13
7
1
16
16
4
16
16
16
0
1
0
0
9
16
0
7
0
0
7
7
0
0
16
0
7
1
16
10
16
0
5
16
7
16
16
7
7
0
1
7
1
7
7
0
7
0
1
7
7
16
16
16
0
7
5
1
7
16
1
7
1
16
7
5
7
16
16
14
16
1
7
7
0
1
5
16
1
1
10
16
0
7
0
7
0
0
16
16
3
7
16
16
1
0
0
16
0
7
16
7
3
1
0
7
0
0
1
1
2
14
1
16
16
16
1
16
3
16
0
