1000
9
12
1
0
7
12
0
9
10
12
1
9
9
2
1
12
9
1
9
13
1
9
12
12
12
19
1
9
3
1
1
1
12
12
9
13
0
0
1
16
0
9
12
9
3
1
12
3
12
9
12
0
5
0
9
0
12
9
12
9
0
1
9
1
9
16
1
12
12
9
10
9
12
0
9
0
1
1
9
12
9
12
0
1
1
15
12
1
9
14
0
12
0
1
12
12
1
12
12
12
12
12
1
0
1
0
1
12
12
12
0
9
12
0
18
12
12
12
10
1
9
12
9
3
9
0
1
9
1
9
1
12
0
9
7
1
0
0
12
12
12
9
0
12
1
14
9
9
9
1
8
12
2
9
16
12
19
9
9
3
18
2
11
0
1
9
1
12
14
9
9
7
0
14
9
1
6
12
0
12
10
0
12
5
13
9
9
9
12
12
0
2
9
12
0
9
12
0
1
0
1
13
12
0
1
12
18
1
9
9
3
12
12
0
1
12
2
12
0
0
0
12
1
0
1
5
12
1
13
1
0
18
1
12
12
1
18
1
12
12
9
12
16
1
1
9
0
9
9
0
11
10
1
16
12
12
4
9
1
3
9
10
9
9
17
19
9
1
17
9
11
9
5
1
12
0
12
9
15
0
2
1
0
7
0
12
1
9
9
12
12
10
16
1
9
9
0
1
0
1
9
12
1
0
1
1
0
1
13
1
0
5
9
1
12
9
1
9
9
1
9
12
10
1
3
15
15
0
1
12
7
12
2
1
11
12
1
1
0
9
12
9
1
12
9
12
1
5
0
12
0
18
1
1
0
1
0
14
3
12
12
0
10
6
1
12
12
7
19
9
0
12
12
4
13
5
1
1
0
9
12
0
9
1
12
12
1
9
9
15
4
11
12
1
0
9
1
1
9
1
9
0
1
1
0
19
0
1
9
1
12
9
0
0
0
13
0
12
0
1
6
1
1
12
9
1
9
12
9
9
0
12
4
0
0
7
6
12
9
1
0
5
12
9
9
0
7
6
1
13
1
1
9
9
12
12
0
0
1
1
9
1
9
9
0
12
12
10
18
9
12
12
12
13
17
9
11
12
11
9
0
18
1
0
9
1
12
0
0
9
9
1
12
1
0
9
9
12
9
12
1
9
10
12
16
3
2
0
12
0
1
1
0
0
12
9
0
17
12
11
1
1
12
9
0
9
1
9
9
12
1
9
0
12
12
9
12
0
9
18
0
15
9
9
12
12
9
12
0
0
1
12
12
9
9
3
0
0
0
1
0
9
12
7
1
0
19
12
12
0
12
12
12
9
1
12
12
12
0
12
0
1
0
1
12
3
9
1
1
18
1
1
12
8
17
5
0
12
14
0
1
1
8
12
7
2
1
12
2
1
0
1
12
19
7
1
0
1
1
12
9
0
1
19
1
9
1
13
0
9
0
1
12
0
0
1
0
12
12
12
2
0
1
6
1
1
9
18
9
9
0
9
0
9
1
9
12
9
12
9
7
1
12
9
9
1
2
0
9
12
16
0
12
9
5
0
1
12
2
14
18
0
19
1
9
6
0
1
9
14
12
0
0
1
12
8
1
9
9
12
12
9
12
4
12
9
3
1
2
0
12
1
9
9
9
9
15
9
13
9
0
2
0
8
0
9
1
12
3
17
18
0
0
1
12
12
5
0
0
12
1
8
0
9
1
1
1
0
1
1
12
12
0
9
0
1
0
0
0
9
0
17
0
1
1
1
9
9
8
12
12
12
9
9
0
0
12
1
1
9
1
9
12
1
9
9
1
0
1
3
17
8
0
1
9
1
12
1
0
9
9
9
12
1
9
12
12
4
17
9
0
11
1
12
0
1
9
12
7
12
1
1
12
0
3
9
12
0
9
13
1
1
1
0
12
12
0
0
1
12
0
12
1
1
9
9
9
1
1
14
1
9
0
9
12
1
0
0
14
9
1
15
7
19
19
15
0
18
9
9
0
9
1
0
9
12
1
1
1
1
12
0
0
5
0
17
12
9
1
0
9
10
9
12
16
18
12
1
9
9
18
12
12
17
1
0
0
0
12
0
0
9
12
12
19
12
12
1
1
11
12
5
1
12
12
0
0
1
12
12
12
11
12
12
1
12
0
1
12
1
12
9
9
12
1
1
0
1
1
1
0
9
9
0
1
1
12
1
1
15
9
0
9
1
1
18
12
12
12
12
1
1
1
0
0
2
0
12
0
12
0
9
9
9
0
12
0
0
10
1
4
12
9
5
12
0
19
0
0
9
