1000
5
5
2
10
0
9
10
5
9
5
1
10
0
5
4
1
0
7
5
5
9
10
5
10
9
10
10
12
10
10
5
5
16
10
9
5
5
15
9
9
2
0
11
5
0
12
0
10
16
5
12
5
10
10
10
9
18
0
0
10
0
0
5
17
13
10
9
6
2
5
5
5
0
5
10
0
10
5
9
9
9
10
17
10
10
0
5
10
0
5
6
0
0
9
0
18
10
0
5
5
2
10
9
0
0
0
9
5
10
0
10
5
2
10
10
6
5
0
0
9
0
0
6
5
19
0
0
9
9
0
10
5
5
10
9
0
10
9
5
0
9
9
2
9
0
16
5
9
5
5
5
9
10
5
0
0
5
10
0
10
5
8
5
5
9
0
5
0
9
5
5
5
9
18
15
10
6
10
9
9
0
0
5
9
8
10
10
10
10
5
9
5
9
9
10
0
5
5
9
10
8
5
10
9
9
10
5
9
0
10
12
0
9
5
13
19
10
5
10
0
0
10
10
0
9
5
12
10
8
5
10
14
5
7
15
10
9
10
9
10
9
0
10
10
12
0
0
9
5
10
19
0
10
5
2
5
10
9
5
0
10
9
5
0
3
5
5
18
10
5
9
9
10
10
0
9
9
9
5
0
16
10
7
10
10
10
0
9
16
9
10
10
0
5
4
9
10
5
4
5
10
4
0
9
5
9
9
9
10
0
10
19
0
10
3
5
15
0
0
10
19
10
7
10
0
10
5
6
0
17
11
18
0
0
10
0
0
0
10
10
10
0
5
10
12
5
5
0
10
0
11
6
5
10
10
0
11
0
0
0
10
5
10
9
0
5
9
10
5
9
12
9
9
0
10
0
0
10
5
9
3
0
5
1
19
0
14
5
5
0
5
5
5
0
9
2
12
14
17
10
5
9
9
10
0
0
0
0
5
9
0
5
9
10
13
10
5
9
9
0
9
9
5
0
10
9
9
9
5
17
9
5
5
9
5
12
10
9
0
10
13
10
9
10
16
5
5
0
9
10
5
0
0
0
6
9
5
0
9
9
5
6
0
9
5
16
0
0
14
10
16
9
17
10
0
0
12
0
19
10
5
15
9
10
9
0
10
0
9
9
0
6
9
9
10
5
0
10
10
5
2
0
0
12
5
5
0
0
10
0
5
0
0
10
9
0
11
9
9
10
19
9
9
9
5
0
10
10
5
10
10
7
0
10
3
5
9
9
10
5
5
10
5
5
10
9
10
9
0
10
0
5
9
9
10
5
9
3
5
10
10
5
0
5
10
8
5
5
5
5
5
19
6
10
10
5
10
0
5
1
5
10
9
10
10
8
13
5
10
9
10
5
9
9
0
5
10
10
5
5
9
0
15
3
5
5
9
17
0
10
2
13
10
0
10
10
9
9
5
9
9
0
19
13
5
0
7
18
0
13
5
9
4
16
6
0
5
9
6
5
10
3
5
0
5
10
17
0
5
7
10
10
16
8
10
10
10
5
5
9
0
9
9
5
10
10
0
5
10
16
5
9
10
5
0
9
10
0
5
0
9
9
10
0
10
10
5
0
3
15
10
10
10
5
9
10
5
10
0
9
9
10
0
5
10
5
5
0
9
0
10
5
5
5
5
8
10
19
0
5
16
0
5
5
9
9
6
0
10
5
9
0
0
9
16
4
9
8
5
5
0
4
5
10
10
5
9
7
0
1
5
9
5
9
0
9
9
0
10
10
19
5
5
0
9
10
0
9
10
0
0
5
0
0
9
10
5
5
5
10
10
5
0
5
9
9
9
9
0
10
9
16
10
10
0
9
0
9
0
9
0
0
5
0
5
10
10
0
6
9
1
10
10
10
5
10
9
10
0
9
10
5
5
11
9
10
9
10
14
10
9
10
9
0
10
8
9
9
10
18
10
5
10
12
12
5
9
16
10
10
11
10
5
17
17
10
5
9
0
5
5
4
13
12
5
0
0
5
9
9
0
9
10
10
1
9
18
5
10
0
9
5
5
0
5
5
0
5
10
10
9
0
8
9
12
13
0
19
10
9
7
9
5
9
10
9
9
9
0
9
0
9
5
9
6
0
5
5
6
0
10
0
10
4
19
10
10
9
0
0
6
5
10
5
10
10
12
9
0
10
5
10
5
0
5
5
0
7
0
5
0
0
5
10
0
7
10
5
17
5
10
17
10
18
10
7
12
10
0
5
9
5
9
9
9
13
0
0
10
0
5
0
5
5
0
0
5
5
5
0
13
9
10
5
10
9
0
5
5
17
