1000
11
15
16
16
19
15
11
16
19
15
16
19
11
15
15
18
11
15
11
7
0
11
16
15
11
17
11
19
12
16
11
11
19
16
19
16
16
16
16
11
2
15
16
16
11
19
15
15
16
15
19
4
11
16
19
16
6
15
15
16
8
11
16
15
11
10
11
10
5
15
19
15
11
15
15
11
11
16
19
18
19
19
16
19
16
16
11
15
11
15
11
16
19
2
9
16
4
19
19
11
16
16
16
19
5
19
19
11
19
7
15
16
16
11
7
15
16
11
11
19
16
1
15
16
15
17
11
15
15
19
16
10
15
16
16
16
15
16
8
11
15
16
16
15
2
15
19
19
19
6
11
3
11
14
16
19
19
15
0
11
11
11
19
15
19
15
11
16
15
19
16
15
11
11
11
11
16
16
11
15
9
16
7
16
16
16
1
15
15
11
1
15
16
16
19
15
16
11
15
19
19
2
4
15
11
19
19
16
5
15
12
16
19
16
11
17
16
19
11
11
15
16
11
1
15
11
15
16
11
16
19
16
16
19
16
11
11
11
15
19
15
11
19
9
19
16
11
15
19
16
15
19
19
19
11
19
15
16
19
15
15
15
15
17
11
19
11
11
7
16
18
15
16
15
16
11
15
16
12
15
11
11
19
11
16
16
19
16
10
11
19
16
19
14
1
16
11
11
11
19
11
19
11
0
15
11
15
19
15
15
11
12
3
19
15
15
11
16
15
1
19
16
16
15
11
19
16
15
1
16
16
16
19
19
19
19
16
16
19
19
16
15
16
15
10
19
11
19
11
11
11
11
11
15
11
16
15
2
16
11
11
11
16
11
15
11
19
11
15
15
11
0
16
6
11
15
11
16
12
15
19
16
19
6
16
19
11
15
16
5
16
16
11
16
15
16
16
10
15
19
15
19
11
16
10
11
13
15
12
15
16
16
16
6
15
19
16
6
19
15
19
16
15
4
16
11
19
11
11
11
15
6
3
19
19
15
19
15
16
19
11
11
15
15
19
11
16
15
16
19
11
15
16
19
12
15
9
11
8
9
11
15
19
19
19
15
19
15
11
19
11
16
16
11
19
19
11
11
11
16
15
16
15
11
11
9
15
15
11
11
19
19
15
15
11
16
16
19
15
15
16
19
19
13
2
19
19
16
4
16
16
19
11
11
15
15
11
14
11
10
12
11
11
16
11
2
18
11
19
7
5
19
3
11
18
19
11
19
11
11
15
19
11
15
19
11
19
11
13
15
3
16
15
15
16
15
15
19
9
16
11
16
6
19
11
15
11
19
19
15
11
15
15
19
16
15
13
18
16
6
19
16
15
11
11
15
11
16
1
11
15
19
8
12
19
19
11
5
19
11
19
16
19
13
17
16
15
16
15
15
11
15
19
11
16
15
15
19
19
19
7
15
1
6
14
16
17
19
2
10
13
15
15
15
11
19
19
19
16
19
11
15
19
16
19
16
15
15
3
15
9
12
15
11
1
19
12
15
15
16
16
15
16
17
12
17
19
19
15
15
8
11
15
15
19
15
15
11
16
15
11
0
19
11
11
15
11
15
11
19
16
16
10
16
11
15
15
11
11
8
16
14
7
15
14
16
11
15
19
19
16
19
16
19
16
19
11
19
16
16
11
16
19
11
11
16
1
16
14
19
16
11
16
7
19
16
16
11
19
16
11
4
19
16
11
19
15
11
19
11
16
11
19
11
16
19
11
5
16
19
16
17
13
11
4
15
12
19
15
16
16
11
19
16
15
16
16
11
16
19
19
11
16
3
19
11
15
19
1
2
19
16
19
16
16
19
16
19
19
13
19
19
0
10
15
2
16
11
11
11
11
19
19
15
15
11
11
16
4
16
15
19
11
19
15
11
9
19
16
19
19
17
16
15
15
16
15
16
2
18
15
4
19
15
11
15
9
11
19
16
16
15
14
16
15
15
18
11
11
16
16
11
11
16
16
19
15
16
7
15
16
16
15
6
15
11
15
15
13
19
6
15
19
15
15
15
15
15
11
19
12
5
11
16
16
17
16
16
13
15
15
11
7
11
19
16
19
16
11
15
19
12
11
11
16
17
11
16
3
16
16
11
10
10
5
18
19
15
16
19
19
11
15
16
17
14
16
16
19
17
11
19
1
11
15
19
15
16
19
16
16
11
11
13
16
19
11
19
16
0
16
2
15
19
15
15
18
3
11
11
11
11
5
1
11
0
1
19
19
19
5
15
15
19
11
11
3
11
16
15
12
19
16
11
11
19
15
15
11
19
