1000
7
3
6
7
3
7
3
11
3
6
14
8
8
8
6
3
7
8
8
8
8
3
3
3
3
3
8
7
16
7
6
8
8
6
3
3
8
7
7
7
2
8
3
8
8
18
7
6
3
8
3
8
8
3
10
7
7
8
7
3
8
8
10
8
3
0
3
3
7
12
8
0
3
7
6
6
6
6
7
6
3
8
7
8
3
7
3
3
8
3
3
3
8
12
7
3
3
7
6
3
12
3
6
6
3
3
3
8
3
4
15
10
7
6
8
6
6
8
7
8
7
8
3
7
6
6
7
7
7
7
7
8
1
7
6
7
7
7
5
6
7
3
14
8
9
6
6
6
7
7
7
3
15
8
3
5
4
7
3
6
6
3
3
8
12
3
6
3
6
3
6
8
6
8
3
6
8
6
6
3
6
3
5
8
8
3
4
3
12
7
3
1
7
7
6
3
7
6
7
7
7
6
3
6
7
3
6
7
7
7
8
8
3
13
7
18
3
6
6
7
19
15
6
8
7
3
6
8
3
6
6
8
7
8
3
3
8
7
3
8
7
7
10
7
8
10
8
1
10
12
3
8
8
8
7
8
8
7
3
0
7
6
8
3
4
6
7
8
7
8
3
15
8
6
6
18
12
6
10
3
6
7
3
7
7
8
8
8
3
7
7
7
7
6
3
3
6
7
2
7
7
7
3
6
3
8
7
6
6
13
7
6
8
8
7
6
2
3
7
3
6
8
7
0
8
7
8
8
6
0
5
8
8
9
3
7
6
8
13
7
3
8
4
7
6
7
6
7
6
8
7
16
8
2
3
6
13
3
6
8
8
7
8
7
2
16
10
7
3
3
7
8
13
6
2
6
10
3
7
6
7
6
6
7
9
3
8
7
3
6
6
3
3
3
8
3
8
3
8
6
7
16
8
6
19
8
12
6
7
3
7
7
9
3
9
3
7
8
6
8
3
7
6
14
3
6
8
6
0
7
8
7
8
8
7
3
6
3
8
3
18
7
16
6
9
11
8
7
3
3
6
7
7
6
7
8
7
7
3
3
8
6
15
6
3
8
3
8
3
7
18
6
8
6
15
8
8
7
7
6
8
8
0
3
6
7
6
3
3
7
15
14
3
3
3
0
7
8
6
7
19
6
7
7
6
8
8
14
6
7
7
6
6
6
2
3
3
15
3
7
8
3
7
8
8
3
16
3
7
3
3
7
7
3
7
15
6
6
11
15
6
6
11
13
3
7
3
8
6
6
6
8
7
0
7
8
8
13
8
10
6
8
3
12
3
8
19
7
19
7
7
3
8
8
8
3
7
13
8
12
6
19
3
3
6
8
6
6
7
8
8
8
8
5
8
7
7
8
3
17
7
8
8
8
3
7
15
7
8
6
6
7
8
7
6
10
3
6
7
16
6
15
6
3
8
3
10
6
7
8
6
6
7
6
8
16
2
3
3
6
6
8
15
1
7
6
3
12
7
3
6
6
7
8
2
3
3
7
3
13
7
6
11
8
9
6
6
6
3
7
8
3
19
7
9
3
8
8
8
4
8
6
8
6
15
6
3
8
3
8
6
7
8
4
3
7
7
8
8
7
8
3
7
16
6
8
3
8
3
7
6
6
7
14
7
3
8
6
8
6
7
8
9
8
7
3
6
6
6
6
8
7
3
7
8
8
3
0
8
3
8
15
8
6
8
3
6
7
3
7
7
7
7
6
3
7
3
2
15
8
8
7
8
3
7
3
3
6
3
19
6
12
3
3
6
8
8
6
4
6
8
6
1
6
8
8
8
5
8
3
3
8
3
6
6
7
7
8
7
3
7
3
17
3
8
7
15
3
6
3
6
3
8
6
8
11
7
7
8
8
7
7
7
3
7
8
3
6
7
3
13
8
3
8
8
7
3
3
6
7
8
7
7
6
3
6
7
8
8
7
3
17
3
8
3
19
6
7
3
7
3
11
3
6
7
5
7
3
3
3
6
7
7
6
14
7
8
6
3
8
6
3
6
6
8
7
7
3
8
8
3
8
3
7
7
6
6
8
3
8
7
7
6
11
8
0
7
8
3
8
8
8
8
6
3
6
3
3
3
8
3
7
7
3
8
3
6
8
2
7
7
7
2
7
17
6
3
7
8
14
6
8
7
12
6
3
15
3
7
7
6
6
3
8
3
3
8
8
6
8
8
8
11
3
6
7
8
8
6
3
6
3
6
6
14
8
7
11
6
6
3
3
3
12
7
6
6
7
6
8
3
8
6
3
6
11
8
7
6
7
