1000
7
15
15
15
16
5
17
1
8
7
15
8
0
7
15
7
17
15
5
5
7
13
7
15
5
2
16
15
15
15
0
15
5
11
6
5
7
5
15
15
5
7
14
0
7
15
7
5
7
17
10
7
5
0
0
5
5
4
15
4
15
0
7
15
17
1
13
5
7
7
7
15
15
5
0
15
14
5
7
5
5
1
7
0
5
0
4
7
0
5
0
7
15
2
0
0
0
15
0
15
5
15
18
10
10
9
15
16
7
7
7
0
7
5
1
11
5
0
16
15
15
7
7
1
7
0
15
7
0
7
15
8
15
7
5
5
0
0
0
0
5
15
5
15
15
0
5
0
5
0
5
0
15
0
3
5
9
2
7
15
15
7
7
7
15
5
7
7
13
15
7
0
12
5
5
0
12
7
16
5
15
15
0
7
15
15
15
7
15
15
7
5
15
5
2
7
0
14
6
10
15
7
0
7
0
7
7
7
15
15
0
5
15
5
5
5
0
11
7
7
15
7
7
15
0
0
5
0
7
13
7
5
15
15
10
4
0
4
5
15
15
0
15
5
0
5
0
15
14
0
7
15
5
0
10
5
5
7
0
9
7
0
7
7
7
5
7
15
1
15
5
5
5
7
5
15
15
7
5
5
15
5
15
18
5
5
0
0
6
12
15
0
5
15
0
18
7
14
7
5
7
5
15
5
15
15
7
7
15
5
10
7
5
0
15
5
12
0
5
0
5
16
2
7
16
7
7
4
5
0
0
0
7
5
3
15
15
14
0
0
7
5
7
14
15
5
7
0
15
5
15
0
9
15
0
15
8
15
4
16
0
4
1
15
5
7
0
15
7
5
8
7
0
5
19
3
15
0
15
7
12
7
5
7
0
0
15
1
5
8
7
5
15
5
5
7
10
5
15
7
10
5
5
7
7
5
7
15
5
15
5
15
7
7
5
0
7
5
0
0
5
2
15
7
7
0
1
0
5
7
14
15
7
7
15
7
7
7
7
0
18
7
5
5
7
15
0
1
3
5
0
7
0
0
7
0
7
12
0
15
5
6
0
0
15
15
8
0
5
5
7
0
5
7
0
7
15
16
0
7
15
5
5
7
7
0
6
7
7
5
7
0
7
5
6
9
7
0
0
15
5
0
5
7
15
15
15
7
0
4
5
15
15
3
0
15
0
7
9
7
0
7
7
0
0
15
0
5
15
0
0
15
5
1
0
15
15
8
16
5
5
0
0
7
12
0
15
0
7
7
0
5
0
15
15
7
15
7
5
15
0
7
0
18
7
7
5
5
7
2
15
5
5
5
5
15
7
18
15
15
0
5
5
5
4
7
5
15
7
19
0
0
6
0
0
14
19
5
15
0
7
0
5
0
7
5
15
0
5
0
7
3
7
5
5
7
5
5
7
5
7
7
7
0
6
15
12
7
7
7
0
7
15
15
15
3
5
5
0
0
15
7
5
5
14
5
5
9
5
5
7
10
15
0
0
5
15
15
5
8
12
0
15
15
15
5
13
15
7
3
0
0
5
15
7
7
7
5
0
4
7
8
8
0
7
7
15
5
7
0
15
13
8
7
6
0
0
15
15
7
17
15
7
7
5
5
5
7
15
5
0
15
5
0
8
0
7
15
12
15
0
5
7
0
15
13
15
0
3
14
0
2
0
10
5
7
7
7
15
15
5
15
15
5
7
16
7
5
15
5
0
0
0
17
0
15
7
0
7
5
0
0
5
7
5
0
5
5
15
3
7
7
3
7
5
15
0
0
7
7
15
0
15
6
5
15
7
7
7
0
5
0
5
0
0
15
0
0
5
7
5
0
0
15
15
5
5
7
15
0
0
5
0
14
15
0
7
5
7
7
15
17
5
5
10
15
0
7
15
7
15
11
5
15
5
10
5
7
5
7
15
7
7
19
5
11
15
7
0
0
7
4
15
15
0
0
7
5
16
7
17
7
0
7
7
7
5
5
0
7
13
1
15
0
0
3
11
8
7
5
0
10
5
15
8
7
0
7
15
5
11
7
5
15
5
12
7
7
0
5
5
7
15
15
18
0
7
7
0
5
15
5
6
6
7
7
7
5
17
0
15
8
14
0
5
0
15
0
16
5
15
7
2
7
5
7
15
5
15
3
7
0
18
0
17
15
0
0
5
0
15
5
11
5
16
0
9
7
5
19
7
0
1
14
5
7
7
15
0
0
16
15
15
15
7
0
18
0
15
5
15
5
5
0
5
1
7
16
11
7
5
10
1
7
5
15
15
0
8
12
