1000
12
19
5
14
19
4
5
5
17
14
14
5
14
14
19
4
12
5
19
17
5
17
17
19
19
19
1
17
1
11
19
14
16
13
6
5
19
17
5
14
17
15
19
19
14
14
17
17
17
19
19
19
5
10
17
14
19
19
5
5
5
18
5
15
10
5
14
5
14
17
17
17
14
5
5
19
19
14
19
5
17
11
12
17
5
13
19
18
19
14
3
19
17
5
9
0
17
19
13
9
14
19
19
5
17
19
15
14
19
19
14
7
14
14
19
2
13
19
19
19
5
14
14
17
14
14
5
14
14
19
19
17
5
14
3
1
5
14
5
19
14
17
5
5
6
17
14
17
17
14
19
14
5
19
4
17
14
5
10
17
14
5
10
18
14
17
19
5
17
5
4
5
19
5
14
17
17
5
17
6
19
19
17
17
17
5
19
17
14
3
19
19
19
5
7
1
10
19
5
2
14
17
5
17
19
19
17
2
19
14
5
5
14
14
17
19
5
19
19
17
5
18
17
5
5
5
17
17
17
14
19
17
18
19
17
14
8
14
19
19
19
17
5
14
19
19
14
16
19
19
19
19
6
17
17
17
18
19
19
14
5
19
5
5
19
17
19
19
14
5
5
5
17
18
17
19
17
14
19
17
17
1
1
2
14
14
5
17
17
14
17
14
17
9
17
14
14
5
19
14
5
19
7
17
19
19
6
14
5
17
5
17
17
7
14
14
4
14
19
5
14
14
19
5
19
19
17
8
7
5
5
5
19
17
19
17
19
2
14
14
5
5
2
5
14
14
17
15
5
5
19
4
17
15
5
5
19
14
5
19
5
0
5
5
13
5
17
14
17
17
5
15
1
19
19
19
5
5
17
14
5
5
18
19
19
19
14
5
14
5
17
17
19
6
14
17
14
14
9
5
19
14
17
17
17
19
19
16
19
5
14
17
15
17
5
17
17
17
17
19
1
5
5
19
18
17
17
14
17
14
19
2
17
17
5
14
14
19
5
6
5
19
17
19
5
4
5
17
17
14
13
17
3
19
19
14
14
19
14
19
13
5
15
14
14
11
11
14
19
19
17
19
14
14
14
17
14
13
5
19
14
5
17
19
2
17
6
17
19
17
19
17
5
9
5
14
5
19
5
5
15
5
1
5
17
17
17
2
17
14
14
15
17
14
9
17
17
14
14
5
19
14
13
19
19
5
17
19
16
19
14
19
19
19
5
0
14
17
14
5
5
14
17
13
5
19
19
2
5
14
14
17
19
14
19
6
5
8
19
17
17
17
10
17
17
5
14
17
5
5
14
18
5
19
19
5
5
19
14
19
14
15
6
14
1
14
2
19
16
5
5
5
2
19
5
17
14
11
19
14
7
17
5
17
5
5
5
3
14
19
1
14
14
14
17
19
17
17
19
3
5
5
17
0
17
5
7
5
17
12
5
5
10
17
19
5
17
19
13
14
5
14
14
14
5
5
18
5
5
17
14
19
17
5
5
17
19
1
5
8
5
16
14
5
5
19
5
14
17
17
19
14
8
17
19
19
7
19
19
14
17
5
19
17
19
19
19
17
5
0
14
11
16
19
2
5
14
5
14
17
5
19
14
19
5
1
14
19
17
5
14
5
14
1
1
5
19
17
17
19
18
14
17
3
5
5
5
14
19
19
9
5
5
17
19
19
5
19
19
18
19
5
4
17
5
17
17
17
19
14
14
19
13
5
5
5
14
1
14
14
17
17
19
19
17
0
19
19
17
19
19
5
19
14
14
14
17
17
5
14
7
14
5
5
14
19
14
18
19
5
17
17
5
7
4
15
5
19
5
14
17
5
5
19
14
19
17
15
19
14
17
17
5
5
17
13
0
5
14
19
18
14
5
14
19
17
5
17
17
5
17
19
19
17
14
5
9
5
14
17
19
19
17
19
9
14
17
14
19
19
14
19
17
5
19
19
4
17
5
19
5
17
17
10
5
14
5
5
5
17
14
9
19
14
11
17
19
17
14
14
5
17
3
19
14
14
18
14
5
5
14
7
19
2
14
19
17
17
4
17
15
19
19
16
5
5
5
5
13
17
14
19
10
5
19
14
7
5
14
5
19
5
17
5
17
19
19
17
17
14
17
19
5
13
17
19
19
17
14
19
5
14
2
19
19
7
6
5
17
17
5
14
14
19
14
19
10
19
18
5
17
5
14
5
3
5
19
17
19
19
5
7
14
5
14
19
14
14
5
17
17
17
5
5
19
5
14
17
5
14
5
14
8
5
14
14
14
14
0
17
