1000
12
12
11
13
13
11
14
12
11
11
12
16
11
11
1
1
2
0
1
12
12
0
13
13
11
13
12
15
12
13
1
15
13
1
1
11
1
13
1
13
11
12
12
12
12
12
13
14
12
5
13
1
13
13
10
5
11
13
1
12
1
13
1
12
13
12
1
1
8
12
1
13
1
5
1
12
13
12
13
1
12
11
13
12
11
12
12
6
18
12
12
12
11
1
12
1
11
12
11
11
12
13
11
9
1
8
12
1
11
17
1
13
13
13
13
12
11
13
13
12
13
1
19
13
3
12
12
2
13
1
13
1
1
10
12
13
11
13
12
13
1
13
1
13
11
13
1
4
13
1
13
1
18
11
1
13
13
10
12
11
13
11
7
12
1
13
12
19
12
11
8
13
11
11
11
7
11
11
1
13
1
16
13
19
13
12
19
13
13
1
8
13
14
13
0
5
11
12
1
2
15
2
11
11
12
11
1
13
2
12
11
12
1
13
13
11
10
12
12
12
11
13
17
12
12
13
11
14
2
11
19
13
1
18
10
12
13
11
8
12
17
13
12
7
11
13
13
11
1
12
1
12
1
4
11
13
11
12
12
1
12
1
11
11
12
12
12
1
12
12
11
8
0
18
13
12
14
13
1
12
12
12
9
1
1
13
12
11
12
13
12
6
1
11
11
13
13
1
12
1
5
1
15
1
1
11
1
6
1
13
11
13
1
1
13
13
12
11
12
12
1
11
11
13
10
12
1
13
12
1
2
6
1
13
1
18
19
12
6
5
13
13
13
5
13
13
11
1
13
2
13
12
1
13
11
13
1
8
13
1
11
9
7
9
13
11
13
1
1
1
17
13
12
13
14
1
11
12
2
1
17
1
11
19
11
1
13
13
17
13
9
1
12
2
11
1
13
1
11
12
12
11
3
11
11
13
1
13
11
1
12
12
11
1
1
1
11
11
11
1
1
12
13
12
2
13
12
13
1
11
12
11
1
18
12
11
16
5
15
3
11
13
0
12
1
13
12
11
14
13
11
11
13
12
12
13
11
12
12
13
1
11
11
13
12
13
12
10
11
11
13
13
15
11
11
12
13
11
16
3
12
11
13
11
8
13
12
1
13
12
12
1
1
12
11
1
13
1
1
7
12
13
12
1
1
12
11
11
13
19
4
1
1
11
13
1
1
12
7
13
13
12
13
1
11
11
1
18
11
13
12
12
11
11
11
12
1
12
13
13
10
11
6
1
12
1
13
1
11
1
13
1
1
13
12
17
13
1
12
12
11
17
12
13
11
13
11
13
13
1
13
18
13
1
13
1
12
1
10
11
11
11
11
19
12
13
13
11
12
3
12
12
13
13
12
8
19
13
1
1
12
1
12
13
13
12
12
1
12
2
12
1
11
1
2
11
13
12
0
13
12
11
11
13
13
1
6
12
12
1
6
11
11
11
1
12
1
3
13
12
0
13
12
1
1
19
13
11
11
12
11
12
1
1
1
9
1
11
11
1
1
11
12
13
1
11
13
19
12
13
13
11
1
13
11
13
11
1
1
11
1
4
12
1
11
13
1
12
1
1
13
13
13
11
13
1
11
3
1
13
13
11
12
14
13
12
13
11
1
12
1
6
11
13
4
1
16
8
13
13
1
12
1
1
12
13
11
13
13
1
11
12
12
16
11
12
12
11
12
13
11
0
11
13
1
13
3
9
12
19
1
12
1
11
1
7
1
6
10
12
11
12
3
1
12
12
13
7
13
13
13
8
11
6
5
13
13
1
11
11
12
13
1
11
12
15
12
13
11
1
18
11
11
11
12
15
1
1
12
1
9
13
10
10
11
6
18
2
12
18
16
12
1
12
12
4
15
12
12
11
13
1
1
5
11
11
11
12
1
1
14
13
11
19
12
1
1
12
2
11
11
1
16
7
11
12
11
1
12
12
13
1
12
12
11
13
13
1
3
11
1
12
12
1
11
12
12
1
11
11
1
12
11
12
13
1
1
13
11
11
1
11
13
13
13
11
8
1
11
16
11
13
13
11
12
11
13
12
13
5
13
11
13
12
12
13
1
12
1
12
4
11
12
12
10
0
12
1
1
11
1
13
12
4
11
13
13
10
0
13
13
13
11
13
11
13
11
13
12
1
12
11
8
12
13
11
1
11
4
12
13
13
3
13
10
13
4
13
11
15
11
10
12
11
12
13
12
11
1
12
10
12
8
1
1
13
13
1
13
13
11
11
11
0
11
13
11
13
1
1
11
12
13
12
12
12
3
13
11
11
