1000
3
10
7
13
3
10
6
7
6
6
6
3
6
6
7
3
3
10
3
3
6
3
3
3
6
10
7
14
7
6
6
6
13
10
10
7
3
10
6
15
7
10
7
7
7
7
6
7
6
3
3
6
7
15
6
6
18
10
10
16
10
6
7
7
0
7
7
7
7
10
6
7
18
3
7
7
10
6
6
10
10
6
7
3
10
6
3
10
11
6
7
7
3
7
6
10
3
6
8
10
7
3
10
5
1
12
9
6
10
6
7
7
8
3
6
3
10
3
7
3
10
3
7
3
10
3
3
7
12
3
7
7
6
11
7
3
3
18
1
3
6
10
7
10
6
10
7
6
10
10
15
3
9
3
7
7
3
10
6
10
10
6
7
3
10
3
10
3
6
10
7
3
7
10
9
10
6
7
6
10
18
11
4
3
10
6
8
3
3
3
6
10
3
8
3
3
6
7
13
4
7
10
6
6
6
1
6
3
10
3
3
3
6
15
3
6
3
10
10
19
6
10
3
2
3
6
7
3
6
6
7
10
15
7
8
10
7
7
7
2
3
7
3
10
5
6
10
3
6
2
3
6
6
7
7
6
10
10
13
19
6
12
3
7
6
3
1
6
7
7
8
18
6
7
10
10
10
6
3
12
10
7
7
10
7
7
7
10
6
16
14
10
7
3
7
3
10
3
3
7
2
3
12
6
3
10
6
10
4
8
6
6
6
3
18
3
7
7
3
1
3
6
10
3
6
12
3
7
3
7
16
10
7
15
3
3
3
7
3
10
10
3
7
10
7
11
7
10
10
10
7
19
6
3
7
2
7
16
7
5
7
10
7
10
4
3
3
7
6
0
3
6
3
3
10
7
3
7
17
7
3
6
2
7
18
7
10
6
7
10
10
3
3
7
7
3
3
10
3
3
14
7
6
10
6
6
10
6
10
17
6
7
6
3
3
10
7
10
6
3
12
3
7
10
10
8
3
10
7
3
3
3
3
12
3
6
7
7
3
10
6
6
10
3
3
10
13
6
3
3
10
7
14
6
7
7
7
6
6
6
3
0
7
6
7
7
9
10
7
7
7
7
6
3
10
7
10
7
5
10
16
6
7
7
10
3
7
10
0
7
6
7
10
7
14
6
6
10
6
15
6
6
10
7
10
3
10
6
7
0
3
9
10
3
8
3
6
7
6
7
3
3
7
6
3
7
7
6
7
3
7
10
3
10
7
6
3
7
7
7
7
6
16
7
2
6
6
10
10
10
10
7
6
3
6
7
9
16
10
16
8
10
3
3
6
6
7
6
3
10
6
7
10
6
6
3
6
6
6
5
3
3
10
7
6
7
10
6
6
7
3
10
6
10
3
10
18
10
7
3
3
3
6
7
11
6
7
7
3
10
7
10
3
10
3
3
10
6
7
3
3
9
3
10
6
6
3
6
7
7
10
6
6
7
3
6
16
17
14
5
3
10
6
3
10
10
7
3
7
3
3
17
6
10
10
6
3
18
6
10
6
3
12
14
7
3
3
6
7
3
10
10
3
6
7
3
6
6
7
7
10
3
1
10
7
10
3
10
10
6
7
7
10
7
18
10
3
7
13
10
6
18
10
10
7
7
3
3
11
7
10
10
10
8
3
9
3
10
7
6
10
7
3
6
7
10
15
6
6
6
10
3
6
6
7
3
17
3
3
2
3
3
10
13
10
10
3
10
6
15
3
7
6
10
6
7
7
7
3
7
16
10
10
7
6
10
6
10
6
7
3
7
7
3
3
3
3
19
10
6
10
3
3
3
6
3
9
3
6
3
0
6
14
6
13
6
10
6
6
3
3
10
3
7
3
7
12
10
10
13
2
9
18
7
9
6
3
6
10
3
7
10
6
10
10
3
3
7
3
7
10
6
6
7
7
9
3
15
14
12
3
3
10
10
6
12
10
12
10
7
3
6
18
7
14
10
6
10
6
10
10
10
3
7
3
7
9
6
6
6
4
18
3
3
2
3
7
7
6
3
11
3
3
3
6
3
7
3
0
7
6
6
6
12
3
6
3
10
3
9
7
6
10
7
3
6
10
6
0
7
10
3
7
7
7
3
10
10
3
6
3
10
10
7
6
3
7
6
18
12
7
2
3
7
6
7
6
6
10
9
7
6
3
3
7
18
6
4
7
3
13
14
7
10
6
3
6
3
3
3
3
10
19
6
9
7
7
6
6
10
6
7
10
10
7
10
3
3
10
7
7
10
6
7
3
6
3
6
10
7
3
10
7
3
6
3
10
6
10
7
