2 4 4 2
436.423906
-942.170890
52.336768
-468.971466
-558.333016
545.450401
-719.599216
-159.543326
-557.350962
-802.009206
-461.479592
70.190735
616.012617
786.478003
-338.847947
940.205820
-545.116104
-533.466715
961.739226
-308.939099
830.209453
116.618714
-48.005231
566.058977
881.473532
-368.106208
-793.734990
-354.850785
-817.633246
792.902988
-547.032871
121.353042
-155.017863
452.708340
252.285422
907.370822
549.615520
600.983913
857.898008
-780.117033
154.248616
-775.822432
577.209444
-49.351984
-133.055785
557.914759
899.201182
-544.547033
-16.365959
-773.884737
691.011357
-431.932587
-655.033469
677.606653
-21.691238
-93.167735
640.838582
-824.283350
-980.761633
-216.361191
-282.909815
-967.313494
629.091784
925.102079
437.834598
-115.604928
312.916904
-397.778278
668.250637
-978.006076
-866.128855
859.533451
482.741600
-375.604798
-70.065918
-330.110586
779.800521
-580.929448
-876.413999
-52.924842
675.753305
-658.380619
